0 0.440625 0.124537 0.044792 0.113889
0 0.573958 0.110648 0.054167 0.150926
0 0.450781 0.276852 0.065104 0.146296
0 0.510417 0.369444 0.066667 0.107407
0 0.567708 0.309259 0.042708 0.085185
0 0.554688 0.475463 0.046875 0.126852
0 0.498437 0.545833 0.054167 0.117593
0 0.437500 0.463889 0.075000 0.120370
0 0.548177 0.637500 0.041146 0.076852
0 0.557292 0.703704 0.047917 0.072222
0 0.445052 0.643981 0.057813 0.162037
0 0.499479 0.736574 0.045833 0.123148
0 0.562760 0.812500 0.047396 0.108333
0 0.439583 0.776852 0.052083 0.092593
0 0.459896 0.846296 0.053125 0.087037
1 0.450000 0.815741 0.075000 0.164815
1 0.468229 0.683333 0.114583 0.242593
1 0.557292 0.675926 0.052083 0.135185
1 0.466927 0.520370 0.124479 0.187037
1 0.530990 0.497685 0.118229 0.178704
1 0.530469 0.417130 0.099479 0.195370
1 0.481771 0.314815 0.128125 0.209259
2 0.451302 0.971759 0.059896 0.052778
2 0.551562 0.957407 0.066667 0.083333
