0 0.444531 0.132870 0.049479 0.128704
0 0.526563 0.148611 0.063542 0.217593
0 0.450781 0.290278 0.042188 0.112037
0 0.500781 0.306944 0.068229 0.169444
0 0.567708 0.308796 0.055208 0.091667
0 0.458594 0.461574 0.050521 0.086111
0 0.496875 0.543519 0.060417 0.124074
0 0.564063 0.471296 0.081250 0.144444
0 0.552344 0.637963 0.055729 0.087037
0 0.559375 0.709259 0.054167 0.070370
0 0.569271 0.820370 0.055208 0.133333
0 0.502604 0.740278 0.066667 0.149074
0 0.428125 0.643519 0.104167 0.181481
0 0.444792 0.781019 0.062500 0.089815
0 0.464323 0.841204 0.068229 0.087963
1 0.475260 0.311574 0.031771 0.102778
1 0.519792 0.242130 0.052083 0.095370
1 0.550781 0.310648 0.034896 0.099074
1 0.532031 0.509259 0.044271 0.087037
1 0.482552 0.493519 0.033854 0.059259
1 0.464583 0.575463 0.030208 0.080556
1 0.476042 0.683796 0.044792 0.063889
1 0.552604 0.675463 0.044792 0.052778
1 0.534635 0.730093 0.040104 0.063889
1 0.478906 0.791667 0.050521 0.103704
1 0.457552 0.826389 0.067187 0.050926
