0 0.441927 0.129167 0.053646 0.143519
0 0.532031 0.146759 0.074479 0.215741
0 0.453385 0.291667 0.056771 0.112963
0 0.567969 0.304167 0.053646 0.091667
0 0.456771 0.459722 0.056250 0.093519
0 0.566146 0.465278 0.086458 0.147222
0 0.506510 0.551852 0.051562 0.109259
0 0.452604 0.639815 0.071875 0.170370
0 0.449219 0.775926 0.049479 0.100000
0 0.462500 0.842130 0.050000 0.082407
0 0.566667 0.812963 0.050000 0.118519
0 0.562240 0.701852 0.054688 0.070370
0 0.552083 0.634722 0.052083 0.087963
1 0.477083 0.501852 0.054167 0.050000
1 0.533854 0.514352 0.038542 0.087963
1 0.480990 0.585648 0.045312 0.078704
1 0.450521 0.747685 0.065625 0.091667
1 0.470313 0.828241 0.071875 0.036111
1 0.533854 0.715741 0.029167 0.081481
1 0.564063 0.674074 0.055208 0.055556
