0 0.459896 0.188426 0.060417 0.099074
0 0.435156 0.299537 0.095312 0.165741
0 0.504687 0.288426 0.051042 0.080556
0 0.562500 0.233333 0.070833 0.109259
0 0.556250 0.405093 0.068750 0.106481
0 0.464062 0.462963 0.053125 0.068519
0 0.558333 0.565741 0.073958 0.111111
0 0.474479 0.650000 0.070833 0.138889
0 0.560156 0.732870 0.060937 0.149074
1 0.443229 0.231481 0.058333 0.094444
1 0.484375 0.291667 0.039583 0.094444
1 0.536979 0.274537 0.043750 0.097222
2 0.459375 0.872685 0.080208 0.195370
2 0.551302 0.897222 0.067187 0.146296
2 0.545052 0.080556 0.068229 0.155556
2 0.452344 0.052778 0.079687 0.100000
