0 0.479687 0.131944 0.056250 0.106481
0 0.462240 0.251389 0.092188 0.149074
0 0.550260 0.317593 0.052604 0.077778
0 0.501042 0.389815 0.058333 0.096296
0 0.442708 0.427315 0.072917 0.134259
0 0.581250 0.492130 0.056250 0.093519
0 0.513542 0.511574 0.071875 0.139815
0 0.571875 0.598611 0.047917 0.104630
0 0.562240 0.717593 0.067187 0.140741
0 0.464062 0.621296 0.051042 0.098148
0 0.443750 0.685185 0.062500 0.103704
1 0.483333 0.400463 0.044792 0.102778
1 0.513802 0.324074 0.041146 0.072222
1 0.476562 0.175926 0.066667 0.035185
1 0.552604 0.487037 0.032292 0.075926
1 0.564063 0.655556 0.063542 0.074074
1 0.451302 0.663426 0.053646 0.058333
2 0.454167 0.874537 0.067708 0.191667
2 0.544271 0.894444 0.061458 0.151852
2 0.548438 0.118519 0.058333 0.225926
