0 0.459115 0.176852 0.061979 0.107407
0 0.464323 0.263426 0.052604 0.095370
0 0.553385 0.198611 0.083854 0.173148
0 0.541406 0.400463 0.061979 0.136111
0 0.532552 0.519907 0.053646 0.086111
0 0.454427 0.456019 0.050521 0.097222
0 0.457552 0.652315 0.070312 0.121296
0 0.552083 0.653241 0.086458 0.167593
1 0.460938 0.224537 0.057292 0.045370
1 0.538021 0.471759 0.064583 0.058333
1 0.538802 0.573148 0.080729 0.072222
2 0.455208 0.063889 0.068750 0.116667
2 0.545833 0.065741 0.066667 0.118519
2 0.463542 0.840741 0.072917 0.259259
2 0.546875 0.842593 0.066667 0.255556
