0 0.452083 0.238889 0.063542 0.148148
0 0.536979 0.227778 0.048958 0.098148
0 0.548698 0.300463 0.052604 0.075000
0 0.456771 0.405093 0.078125 0.121296
0 0.559635 0.417593 0.101562 0.148148
0 0.468229 0.552778 0.053125 0.094444
0 0.456771 0.613426 0.064583 0.089815
0 0.559635 0.603241 0.079687 0.134259
1 0.543750 0.270833 0.056250 0.050926
1 0.464062 0.582407 0.071875 0.081481
2 0.453646 0.838426 0.071875 0.263889
2 0.546354 0.839815 0.060417 0.250000
2 0.445833 0.067130 0.070833 0.119444
2 0.542448 0.069444 0.068229 0.133333
