0 0.477604 0.233796 0.061458 0.130556
0 0.448437 0.320833 0.061458 0.149074
0 0.514583 0.381944 0.060417 0.110185
0 0.582552 0.291667 0.106771 0.224074
0 0.551302 0.466667 0.054688 0.092593
0 0.533333 0.541204 0.059375 0.087963
0 0.460677 0.492130 0.090104 0.150926
0 0.498437 0.626852 0.048958 0.094444
0 0.452083 0.681944 0.066667 0.160185
0 0.558594 0.665741 0.063021 0.125926
1 0.462500 0.264815 0.064583 0.103704
1 0.530729 0.363889 0.038542 0.081481
1 0.507031 0.512963 0.028646 0.066667
1 0.534635 0.490278 0.035937 0.073148
1 0.473438 0.641667 0.035417 0.101852
1 0.525781 0.635648 0.029687 0.106481
1 0.514323 0.577315 0.034896 0.080556
2 0.455208 0.890741 0.070833 0.159259
2 0.545052 0.887037 0.067187 0.155556
2 0.442188 0.055093 0.064583 0.106481
2 0.543750 0.065278 0.059375 0.115741
