0 0.447396 0.191667 0.062500 0.114815
0 0.551042 0.235648 0.053125 0.089815
0 0.555729 0.374537 0.051042 0.076852
0 0.457813 0.354630 0.072917 0.133333
0 0.576302 0.590278 0.106771 0.193519
0 0.570312 0.727315 0.086458 0.150926
0 0.470313 0.543981 0.059375 0.106481
0 0.466927 0.636111 0.056771 0.070370
0 0.452604 0.810648 0.040625 0.080556
1 0.470833 0.567130 0.064583 0.191667
2 0.450260 0.959722 0.060937 0.078704
2 0.547396 0.931481 0.059375 0.112963
2 0.451042 0.045833 0.064583 0.071296
2 0.545312 0.090278 0.065625 0.147222
