0 0.473698 0.105093 0.082812 0.202778
0 0.576302 0.104167 0.068229 0.187963
0 0.548177 0.282407 0.061979 0.159259
0 0.444792 0.304630 0.075000 0.133333
0 0.444010 0.447222 0.079687 0.138889
0 0.567708 0.469907 0.087500 0.143519
0 0.453385 0.643519 0.068229 0.183333
0 0.549219 0.634259 0.048438 0.079630
0 0.558333 0.703704 0.060417 0.077778
0 0.553125 0.787500 0.051042 0.100926
0 0.454167 0.757407 0.059375 0.094444
0 0.472396 0.828704 0.062500 0.116667
1 0.459896 0.735648 0.068750 0.062037
1 0.467187 0.808333 0.062500 0.048148
1 0.551823 0.673148 0.053646 0.044444
1 0.553385 0.745833 0.049479 0.049074
1 0.436719 0.376389 0.050521 0.067593
2 0.551823 0.930093 0.054688 0.080556
