0 0.473958 0.238889 0.062500 0.120370
0 0.446615 0.326389 0.059896 0.145370
0 0.518229 0.378704 0.051042 0.098148
0 0.552604 0.328241 0.067708 0.117593
0 0.550260 0.467130 0.050521 0.095370
0 0.532292 0.537037 0.050000 0.079630
0 0.456250 0.490741 0.091667 0.150000
0 0.450000 0.681481 0.065625 0.150000
0 0.498437 0.628704 0.050000 0.087037
0 0.558073 0.669444 0.057813 0.120370
1 0.463021 0.270833 0.059375 0.078704
1 0.529948 0.362963 0.036979 0.070370
1 0.541667 0.511111 0.050000 0.068519
1 0.500000 0.509259 0.031250 0.103704
1 0.475781 0.648148 0.026562 0.105556
1 0.523698 0.637037 0.028646 0.088889
2 0.445312 0.077778 0.058333 0.135185
2 0.545833 0.092593 0.062500 0.162963
2 0.456771 0.886111 0.067708 0.162963
2 0.555208 0.875926 0.050000 0.188889
