0 0.483854 0.142130 0.065625 0.115741
0 0.465104 0.247222 0.082292 0.146296
0 0.483594 0.367593 0.054688 0.105556
0 0.553385 0.318519 0.059896 0.079630
0 0.583073 0.494444 0.064062 0.098148
0 0.570052 0.597222 0.039062 0.098148
0 0.491927 0.554167 0.050521 0.093519
0 0.432031 0.568981 0.109896 0.152778
0 0.483333 0.731481 0.079167 0.168519
0 0.564323 0.714352 0.072396 0.139815
1 0.483073 0.181944 0.069271 0.058333
1 0.487240 0.328704 0.053646 0.057407
1 0.520052 0.325463 0.041146 0.095370
1 0.478385 0.559722 0.041146 0.134259
1 0.528906 0.701852 0.042188 0.144444
2 0.452865 0.913889 0.064062 0.112963
2 0.550781 0.912963 0.058854 0.109259
