0 0.569792 0.110185 0.055208 0.159259
0 0.477604 0.099074 0.068750 0.192593
0 0.546615 0.282407 0.051562 0.142593
0 0.439844 0.304167 0.067187 0.126852
0 0.441146 0.453704 0.081250 0.137037
0 0.552604 0.483333 0.045833 0.118519
0 0.466667 0.580093 0.042708 0.082407
0 0.463542 0.648611 0.042708 0.073148
0 0.557552 0.668056 0.079687 0.141667
0 0.546615 0.787963 0.050521 0.079630
0 0.458594 0.761111 0.052604 0.100000
0 0.472135 0.837963 0.056771 0.098148
1 0.444010 0.529167 0.093229 0.299074
1 0.459896 0.797685 0.076042 0.175000
1 0.558073 0.706019 0.092188 0.202778
2 0.552083 0.945370 0.057292 0.096296
2 0.454948 0.969907 0.063021 0.056481
