0 0.460677 0.181944 0.060937 0.117593
0 0.468229 0.268981 0.059375 0.099074
0 0.561198 0.199537 0.077604 0.176852
0 0.546875 0.397222 0.066667 0.140741
0 0.450000 0.416204 0.087500 0.121296
0 0.528906 0.515278 0.052604 0.095370
0 0.555729 0.635648 0.079167 0.156481
0 0.459115 0.623148 0.068229 0.127778
1 0.464062 0.226852 0.058333 0.038889
1 0.549219 0.473148 0.059896 0.053704
2 0.456510 0.854167 0.064062 0.232407
2 0.549479 0.850463 0.056250 0.232407
2 0.456510 0.051389 0.060937 0.100926
2 0.549479 0.047685 0.057292 0.084259
