0 0.477865 0.157870 0.048438 0.119444
0 0.548958 0.321296 0.050000 0.061111
0 0.498177 0.385648 0.044271 0.078704
0 0.442969 0.424074 0.066146 0.118519
0 0.514062 0.504630 0.058333 0.131481
0 0.582292 0.491204 0.040625 0.071296
0 0.566927 0.604167 0.033854 0.076852
0 0.566927 0.728241 0.045312 0.093519
0 0.454688 0.617130 0.038542 0.104630
0 0.440365 0.683796 0.043229 0.065741
1 0.452865 0.406019 0.108854 0.163889
1 0.537500 0.497685 0.139583 0.154630
1 0.452083 0.650926 0.061458 0.157407
2 0.455990 0.889815 0.074479 0.218519
2 0.547917 0.912963 0.060417 0.161111
2 0.543490 0.070370 0.059896 0.122222
