0 0.460156 0.185648 0.057813 0.087963
0 0.555729 0.235185 0.061458 0.120370
0 0.461979 0.313426 0.080208 0.154630
0 0.557031 0.412963 0.068229 0.112963
0 0.513021 0.483796 0.059375 0.089815
0 0.453906 0.535648 0.073438 0.125000
0 0.563281 0.572685 0.072396 0.110185
0 0.511719 0.652778 0.047396 0.103704
0 0.467448 0.754167 0.084896 0.200926
0 0.563542 0.721759 0.056250 0.121296
1 0.529427 0.472222 0.051562 0.090741
1 0.494010 0.515278 0.034896 0.076852
1 0.532031 0.534259 0.029687 0.048148
1 0.530729 0.611111 0.035417 0.079630
1 0.494792 0.683333 0.035417 0.075926
1 0.537240 0.669444 0.035937 0.088889
2 0.457031 0.063889 0.061979 0.114815
2 0.547396 0.081019 0.063542 0.147222
