0 0.485417 0.141667 0.041667 0.098148
0 0.461719 0.253704 0.072396 0.135185
0 0.547135 0.325463 0.044271 0.069444
0 0.489323 0.373148 0.035937 0.087037
0 0.438542 0.410648 0.078125 0.123148
0 0.577865 0.489815 0.053646 0.074074
0 0.566927 0.599074 0.031771 0.088889
0 0.490625 0.558333 0.034375 0.074074
0 0.430469 0.574074 0.099479 0.137037
0 0.567708 0.721296 0.065625 0.114815
0 0.486979 0.742130 0.068750 0.132407
1 0.460677 0.207870 0.091146 0.213889
1 0.472656 0.306481 0.080729 0.212963
1 0.458073 0.395833 0.107813 0.160185
1 0.453125 0.568981 0.122917 0.113889
1 0.527344 0.729167 0.156771 0.158333
1 0.579688 0.675463 0.065625 0.250926
2 0.543229 0.056481 0.062500 0.094444
2 0.452344 0.923611 0.070312 0.145370
2 0.548958 0.923148 0.067708 0.151852
2 0.546615 0.197222 0.056771 0.100000
