2 0.452083 0.067593 0.056250 0.118519
2 0.544531 0.093056 0.053646 0.160185
2 0.458854 0.808796 0.058333 0.241667
0 0.464583 0.190741 0.061458 0.114815
0 0.465104 0.304167 0.082292 0.154630
0 0.555729 0.237500 0.052083 0.102778
0 0.558073 0.399537 0.070312 0.110185
0 0.513542 0.488889 0.055208 0.109259
0 0.564063 0.570833 0.076042 0.099074
0 0.506771 0.650000 0.045833 0.112963
0 0.563021 0.719907 0.058333 0.113889
0 0.436458 0.521296 0.084375 0.142593
1 0.524740 0.450000 0.045312 0.081481
1 0.531771 0.537037 0.052083 0.061111
1 0.524740 0.611574 0.039062 0.078704
1 0.535417 0.658796 0.030208 0.117593
1 0.475781 0.478241 0.030729 0.065741
2 0.553906 0.873611 0.060937 0.113889
