0 0.477344 0.229167 0.057813 0.121296
0 0.447656 0.325926 0.061979 0.153704
0 0.548438 0.323611 0.056250 0.123148
0 0.548698 0.469444 0.050521 0.092593
0 0.532031 0.536574 0.047396 0.073148
0 0.459375 0.500000 0.075000 0.144444
0 0.451562 0.675000 0.061458 0.164815
0 0.497656 0.633333 0.045312 0.094444
0 0.555469 0.671759 0.050521 0.119444
1 0.463542 0.275000 0.070833 0.066667
1 0.478125 0.645833 0.028125 0.119444
1 0.542969 0.509722 0.064062 0.063889
1 0.552604 0.600926 0.061458 0.059259
2 0.443229 0.081944 0.057292 0.154630
2 0.547396 0.131019 0.051042 0.243519
2 0.554948 0.832870 0.045312 0.189815
2 0.452604 0.842130 0.061458 0.156481
