2 0.464844 0.835185 0.056771 0.185185
0 0.496094 0.077778 0.057813 0.075926
0 0.488802 0.145370 0.051562 0.092593
0 0.564063 0.140741 0.054167 0.090741
0 0.544271 0.283333 0.052083 0.137037
0 0.444792 0.307407 0.060417 0.129630
0 0.444792 0.457407 0.085417 0.161111
0 0.467448 0.587500 0.047396 0.087963
0 0.468490 0.680093 0.054688 0.089815
0 0.551302 0.782870 0.049479 0.091667
0 0.560677 0.670370 0.075521 0.140741
0 0.550000 0.472222 0.051042 0.122222
1 0.491667 0.106944 0.064583 0.037963
1 0.450260 0.386111 0.080729 0.081481
1 0.461719 0.631481 0.066146 0.048148
1 0.553125 0.744444 0.066667 0.057407
