0 0.456510 0.191667 0.060937 0.100000
0 0.441146 0.303241 0.091667 0.176852
0 0.512240 0.284722 0.058854 0.102778
0 0.553906 0.228704 0.056771 0.096296
0 0.555990 0.406019 0.069271 0.108333
0 0.464583 0.468519 0.050000 0.061111
0 0.558594 0.570833 0.075521 0.106481
0 0.472396 0.646759 0.078125 0.149074
0 0.564583 0.724074 0.076042 0.144444
0 0.471875 0.810185 0.076042 0.151852
1 0.483854 0.300000 0.039583 0.088889
1 0.454167 0.222685 0.045833 0.043519
1 0.532552 0.268519 0.034896 0.103704
2 0.544271 0.076852 0.060417 0.144444
2 0.448177 0.054167 0.069271 0.102778
2 0.553906 0.919444 0.064062 0.101852
