0 0.481771 0.134259 0.062500 0.118519
0 0.463802 0.253241 0.077604 0.147222
0 0.546354 0.310185 0.061458 0.085185
0 0.489583 0.365741 0.036458 0.090741
0 0.434635 0.414815 0.101562 0.131481
0 0.520573 0.444444 0.068229 0.118519
0 0.586198 0.493981 0.054688 0.078704
0 0.493750 0.558333 0.044792 0.107407
0 0.439323 0.579630 0.078646 0.129630
0 0.564063 0.602315 0.078125 0.139815
0 0.570052 0.721759 0.066146 0.126852
0 0.490625 0.732407 0.087500 0.175926
1 0.475260 0.171759 0.070312 0.054630
1 0.478385 0.314815 0.049479 0.042593
1 0.477604 0.390278 0.048958 0.093519
1 0.559635 0.464815 0.029687 0.103704
1 0.477604 0.563426 0.036458 0.125000
1 0.523177 0.584722 0.031771 0.104630
1 0.564063 0.663426 0.059375 0.069444
1 0.532552 0.725000 0.042188 0.098148
1 0.473958 0.649537 0.041667 0.102778
2 0.454427 0.916667 0.059896 0.107407
2 0.550781 0.916204 0.059896 0.104630
