0 0.444792 0.131481 0.056250 0.138889
0 0.567708 0.112963 0.052083 0.168519
0 0.568229 0.315741 0.047917 0.094444
0 0.454167 0.283796 0.075000 0.165741
0 0.564583 0.482870 0.078125 0.141667
0 0.448177 0.459722 0.093229 0.160185
0 0.448437 0.644907 0.063542 0.169444
0 0.548177 0.631944 0.046354 0.097222
0 0.555990 0.702315 0.041146 0.065741
0 0.570312 0.814815 0.052083 0.122222
0 0.503906 0.735648 0.060937 0.139815
0 0.442969 0.769907 0.046354 0.110185
0 0.466667 0.844444 0.066667 0.087037
1 0.463281 0.749537 0.067187 0.086111
1 0.466146 0.823148 0.065625 0.033333
1 0.557813 0.678704 0.040625 0.040741
