0 0.478646 0.159259 0.064583 0.118519
0 0.547917 0.321296 0.059375 0.085185
0 0.445052 0.400926 0.080729 0.137037
0 0.553385 0.504630 0.054688 0.068519
0 0.551823 0.554167 0.058854 0.058333
0 0.447396 0.540741 0.068750 0.092593
0 0.560417 0.722685 0.067708 0.137963
0 0.452604 0.702315 0.059375 0.091667
1 0.553646 0.536111 0.061458 0.040741
2 0.544010 0.067593 0.060937 0.111111
2 0.443229 0.046296 0.061458 0.092593
2 0.450521 0.886574 0.066667 0.167593
2 0.547396 0.893519 0.059375 0.146296
2 0.448177 0.287500 0.063021 0.080556
2 0.547917 0.203704 0.061458 0.103704
