0 0.556250 0.231019 0.057292 0.113889
0 0.498698 0.269907 0.040104 0.084259
0 0.457292 0.378704 0.081250 0.129630
0 0.555990 0.394907 0.084896 0.123148
0 0.513802 0.487963 0.053646 0.092593
0 0.450781 0.583333 0.089063 0.161111
0 0.510417 0.645833 0.053125 0.095370
0 0.560677 0.573148 0.067187 0.100000
0 0.466667 0.756944 0.095833 0.186111
0 0.560677 0.719907 0.060937 0.125000
1 0.488021 0.312037 0.050000 0.109259
1 0.525781 0.264352 0.030729 0.087963
1 0.505729 0.417593 0.045833 0.096296
1 0.488802 0.533333 0.048438 0.114815
1 0.530208 0.523611 0.031250 0.100926
1 0.491667 0.619907 0.038542 0.084259
1 0.530990 0.613889 0.033854 0.077778
1 0.533073 0.670370 0.021354 0.096296
1 0.490885 0.680093 0.048438 0.106481
1 0.432812 0.680556 0.046875 0.075926
2 0.450781 0.117593 0.057813 0.209259
2 0.552604 0.078704 0.054167 0.142593
