0 0.482031 0.137500 0.056771 0.110185
0 0.464062 0.251852 0.078125 0.151852
0 0.552344 0.316667 0.061979 0.105556
0 0.491667 0.364352 0.033333 0.097222
0 0.431250 0.417593 0.095833 0.146296
0 0.525521 0.456944 0.070833 0.126852
0 0.581250 0.499074 0.041667 0.087037
0 0.573438 0.596296 0.042708 0.112963
0 0.491406 0.559259 0.048438 0.103704
0 0.434115 0.576852 0.105729 0.153704
0 0.485677 0.733333 0.086979 0.170370
0 0.566146 0.709722 0.057292 0.128704
1 0.478906 0.178704 0.058854 0.048148
1 0.486979 0.319444 0.052083 0.051852
1 0.469010 0.379630 0.046354 0.096296
1 0.562760 0.482407 0.039062 0.098148
1 0.473958 0.557407 0.036458 0.105556
1 0.501823 0.506019 0.025521 0.076852
1 0.532813 0.718519 0.035417 0.094444
1 0.492188 0.434259 0.045833 0.062963
2 0.548438 0.117130 0.056250 0.182407
2 0.459115 0.871296 0.052604 0.109259
2 0.553646 0.869907 0.056250 0.125000
