0 0.554167 0.233796 0.045833 0.095370
0 0.459635 0.198148 0.052604 0.085185
0 0.463021 0.310648 0.066667 0.141667
0 0.555729 0.407407 0.059375 0.100000
0 0.505729 0.490278 0.040625 0.078704
0 0.562240 0.572685 0.059896 0.080556
0 0.509635 0.650926 0.038021 0.077778
0 0.562240 0.720833 0.063021 0.125000
0 0.465885 0.743056 0.069271 0.149074
2 0.541406 0.093981 0.072396 0.158333
2 0.447917 0.059722 0.070833 0.106481
2 0.546875 0.916204 0.067708 0.165741
2 0.457292 0.934259 0.071875 0.111111
2 0.450260 0.523148 0.064062 0.155556
1 0.535156 0.436111 0.094271 0.181481
1 0.540104 0.540278 0.094792 0.149074
1 0.498698 0.710648 0.163021 0.223148
1 0.463802 0.261111 0.082812 0.231481
