0 0.475781 0.160648 0.060937 0.110185
0 0.556510 0.318981 0.064062 0.087963
0 0.495052 0.383796 0.050521 0.093519
0 0.581771 0.488426 0.048958 0.093519
0 0.515885 0.509722 0.073438 0.137963
0 0.571354 0.601852 0.042708 0.094444
0 0.562500 0.723611 0.065625 0.132407
0 0.459635 0.622222 0.047396 0.111111
0 0.442708 0.689815 0.060417 0.088889
1 0.449740 0.660185 0.046354 0.077778
1 0.553906 0.487963 0.032813 0.092593
1 0.510938 0.434722 0.055208 0.054630
2 0.457031 0.864815 0.044271 0.122222
2 0.552865 0.868519 0.053646 0.114815
2 0.548958 0.134259 0.052083 0.214815
