2 0.450000 0.068056 0.058333 0.132407
2 0.547135 0.083333 0.063021 0.146296
2 0.473698 0.840278 0.070312 0.178704
0 0.460938 0.194444 0.057292 0.094444
0 0.560417 0.231944 0.059375 0.104630
0 0.507812 0.289352 0.058333 0.087963
0 0.557813 0.403704 0.068750 0.114815
0 0.461979 0.463889 0.051042 0.074074
0 0.559375 0.567593 0.077083 0.116667
0 0.472135 0.641667 0.074479 0.144444
0 0.561458 0.722685 0.065625 0.134259
1 0.538542 0.268056 0.043750 0.087963
1 0.487500 0.258333 0.043750 0.075926
2 0.551302 0.872685 0.048438 0.110185
