0 0.555208 0.232407 0.055208 0.081481
0 0.461719 0.189815 0.050521 0.074074
0 0.460938 0.307870 0.068750 0.134259
0 0.554688 0.401852 0.067708 0.098148
0 0.516146 0.495833 0.055208 0.093519
0 0.437500 0.527315 0.072917 0.121296
0 0.560156 0.572222 0.065104 0.081481
0 0.511198 0.659722 0.061979 0.130556
0 0.567187 0.730556 0.060417 0.129630
1 0.553385 0.498148 0.103646 0.248148
1 0.541927 0.702778 0.129688 0.218519
1 0.468490 0.490278 0.129688 0.139815
2 0.448698 0.043981 0.069271 0.084259
2 0.545573 0.077315 0.057813 0.137963
2 0.450000 0.877315 0.063542 0.221296
2 0.546615 0.919444 0.069271 0.150000
