0 0.439323 0.122685 0.060937 0.139815
0 0.530729 0.143981 0.080208 0.223148
0 0.508333 0.308796 0.058333 0.162037
0 0.447917 0.291667 0.050000 0.116667
0 0.568490 0.311574 0.058854 0.110185
0 0.568490 0.463889 0.095312 0.140741
0 0.431510 0.456944 0.082812 0.097222
0 0.504427 0.563426 0.066146 0.108333
0 0.551302 0.632870 0.049479 0.087963
0 0.562500 0.711111 0.064583 0.090741
0 0.500521 0.736111 0.061458 0.142593
0 0.565885 0.818056 0.058854 0.115741
0 0.516406 0.889352 0.067187 0.147222
0 0.450000 0.815278 0.048958 0.112037
0 0.441146 0.646759 0.086458 0.176852
1 0.472656 0.302315 0.016146 0.128704
1 0.547396 0.289815 0.028125 0.062963
1 0.528646 0.528241 0.032292 0.076852
1 0.476562 0.600926 0.042708 0.101852
1 0.559375 0.675463 0.042708 0.052778
1 0.532031 0.718519 0.027604 0.085185
1 0.507552 0.815741 0.069271 0.064815
1 0.546094 0.766204 0.043229 0.065741
1 0.472396 0.786574 0.039583 0.069444
1 0.480208 0.685648 0.054167 0.075000
