0 0.448698 0.239352 0.061979 0.139815
0 0.435417 0.393981 0.072917 0.134259
0 0.537240 0.369907 0.044271 0.071296
0 0.548698 0.442593 0.048438 0.081481
0 0.551562 0.193519 0.070833 0.157407
0 0.482552 0.530093 0.034896 0.080556
0 0.459896 0.637500 0.064583 0.134259
0 0.544792 0.637037 0.070833 0.135185
1 0.545312 0.401852 0.063542 0.155556
1 0.464323 0.591204 0.072396 0.219444
1 0.508073 0.639352 0.161979 0.141667
2 0.443490 0.068981 0.064062 0.137963
2 0.542708 0.050926 0.064583 0.096296
2 0.460417 0.868056 0.079167 0.239815
2 0.546354 0.870833 0.063542 0.232407
