0 0.476042 0.228241 0.056250 0.125000
0 0.446615 0.319907 0.059896 0.149074
0 0.565104 0.298148 0.071875 0.188889
0 0.545312 0.505093 0.075000 0.167593
0 0.454427 0.487963 0.071354 0.120370
0 0.455208 0.576389 0.041667 0.069444
0 0.441927 0.698148 0.039062 0.094444
0 0.476302 0.655093 0.049479 0.084259
0 0.548958 0.641667 0.055208 0.092593
0 0.541406 0.728704 0.053646 0.103704
1 0.467187 0.613426 0.076042 0.037963
1 0.456510 0.688426 0.046354 0.065741
1 0.545052 0.687037 0.069271 0.051852
1 0.467448 0.273148 0.073438 0.068519
2 0.446615 0.093981 0.051562 0.169444
2 0.547396 0.096296 0.058333 0.188889
2 0.451823 0.839815 0.046354 0.170370
2 0.548438 0.853241 0.057292 0.147222
