0 0.442448 0.323611 0.064062 0.154630
0 0.553385 0.289815 0.054688 0.088889
0 0.554427 0.364352 0.047396 0.086111
0 0.510417 0.389815 0.036458 0.094444
0 0.454167 0.496759 0.070833 0.110185
0 0.563021 0.508796 0.081250 0.104630
0 0.504687 0.603241 0.048958 0.091667
0 0.449740 0.671759 0.072396 0.158333
0 0.560937 0.675926 0.069792 0.122222
1 0.558594 0.328241 0.054688 0.049074
1 0.530208 0.371759 0.022917 0.075000
1 0.478385 0.629167 0.046354 0.075000
1 0.525781 0.628241 0.019271 0.089815
2 0.452083 0.101852 0.079167 0.192593
2 0.544792 0.112037 0.068750 0.216667
2 0.456510 0.883796 0.069271 0.154630
2 0.548438 0.886111 0.062500 0.161111
