0 0.443229 0.421759 0.063542 0.130556
0 0.514062 0.506019 0.069792 0.099074
0 0.566146 0.603241 0.030208 0.080556
0 0.574219 0.487500 0.046354 0.052778
0 0.496354 0.372222 0.045833 0.074074
0 0.545312 0.327778 0.048958 0.050000
0 0.461979 0.255093 0.080208 0.128704
0 0.481510 0.127315 0.034896 0.099074
0 0.452083 0.612500 0.039583 0.095370
0 0.441927 0.699537 0.055729 0.099074
0 0.509375 0.668981 0.071875 0.154630
0 0.561198 0.732407 0.055729 0.107407
1 0.460938 0.186574 0.100000 0.215741
1 0.463021 0.398148 0.097917 0.162963
1 0.532552 0.489815 0.121354 0.120370
1 0.568750 0.549074 0.063542 0.227778
1 0.475781 0.656019 0.108854 0.173148
1 0.536198 0.697222 0.121354 0.201852
2 0.458854 0.881481 0.086458 0.166667
2 0.539844 0.897222 0.078646 0.148148
