0 0.437500 0.135648 0.076042 0.115741
0 0.451823 0.242130 0.075521 0.130556
0 0.507812 0.273148 0.051042 0.120370
0 0.560156 0.236111 0.059896 0.125926
0 0.454688 0.376389 0.083333 0.121296
0 0.556510 0.389815 0.075521 0.131481
0 0.511458 0.485648 0.053125 0.104630
0 0.565625 0.571296 0.084375 0.109259
0 0.446875 0.583796 0.090625 0.169444
0 0.505208 0.653704 0.040625 0.107407
0 0.567187 0.734259 0.077083 0.175926
0 0.463021 0.755093 0.077083 0.197222
1 0.452865 0.176389 0.070312 0.075000
1 0.490885 0.256944 0.021354 0.091667
1 0.483594 0.315278 0.053646 0.097222
1 0.509375 0.436574 0.068750 0.071296
1 0.494271 0.690741 0.051042 0.105556
1 0.535156 0.628241 0.040104 0.069444
1 0.536198 0.692593 0.033854 0.096296
1 0.541667 0.538889 0.043750 0.042593
2 0.551823 0.908796 0.063021 0.123148
2 0.460938 0.927315 0.072917 0.086111
2 0.545573 0.071296 0.056771 0.125926
