0 0.444271 0.303241 0.068750 0.119444
0 0.544271 0.284722 0.055208 0.130556
0 0.547396 0.426389 0.054167 0.063889
0 0.545573 0.493981 0.046354 0.045370
0 0.438281 0.459722 0.095312 0.147222
0 0.467708 0.584259 0.048958 0.077778
0 0.461458 0.677778 0.070833 0.103704
0 0.553906 0.665741 0.077604 0.150000
1 0.548698 0.459722 0.057813 0.126852
1 0.452083 0.557870 0.101042 0.343519
2 0.446354 0.106019 0.067708 0.200926
2 0.542448 0.101852 0.067187 0.187037
2 0.455729 0.889352 0.070833 0.206481
2 0.546615 0.889352 0.067187 0.193519
