0 0.453125 0.285648 0.068750 0.102778
0 0.563281 0.302315 0.054688 0.110185
0 0.464323 0.412037 0.082812 0.155556
0 0.552604 0.396759 0.060417 0.073148
0 0.552604 0.503704 0.070833 0.118519
0 0.558333 0.618981 0.060417 0.089815
0 0.462500 0.595370 0.083333 0.172222
1 0.453385 0.342130 0.059896 0.058333
1 0.553906 0.441204 0.070312 0.047222
1 0.464323 0.504630 0.047396 0.066667
2 0.450000 0.099074 0.075000 0.190741
2 0.546615 0.106481 0.061979 0.212963
2 0.458594 0.842593 0.073438 0.255556
2 0.551823 0.843519 0.056771 0.253704
