0 0.566146 0.600463 0.089583 0.199074
0 0.558073 0.781944 0.045312 0.069444
0 0.454167 0.818056 0.045833 0.078704
0 0.463021 0.623148 0.053125 0.081481
0 0.466146 0.531944 0.085417 0.134259
0 0.459375 0.341204 0.071875 0.128704
0 0.552865 0.374537 0.046354 0.078704
2 0.453125 0.077315 0.065625 0.102778
2 0.457813 0.193981 0.075000 0.119444
2 0.532031 0.090278 0.080729 0.156481
2 0.546094 0.250463 0.067187 0.132407
2 0.535677 0.895833 0.074479 0.134259
1 0.460156 0.563426 0.080729 0.180556
1 0.459635 0.432407 0.086979 0.316667
