0 0.455208 0.175463 0.053125 0.082407
0 0.460938 0.259722 0.045833 0.091667
0 0.541146 0.290278 0.050000 0.125000
0 0.455469 0.425463 0.051562 0.082407
0 0.546354 0.592593 0.070833 0.168519
0 0.460417 0.566667 0.041667 0.083333
0 0.461719 0.653241 0.042188 0.082407
0 0.469792 0.945370 0.047917 0.100000
2 0.533073 0.774074 0.077604 0.172222
2 0.536458 0.919907 0.071875 0.121296
2 0.453906 0.778241 0.063021 0.149074
2 0.526823 0.095833 0.080729 0.175000
2 0.454688 0.064352 0.060417 0.102778
1 0.447135 0.207407 0.063021 0.185185
1 0.454427 0.601389 0.056771 0.147222
