0 0.440104 0.120370 0.058333 0.135185
0 0.528125 0.142130 0.072917 0.193519
0 0.454948 0.296759 0.047396 0.104630
0 0.566667 0.306481 0.055208 0.101852
0 0.565104 0.470370 0.077083 0.138889
0 0.452604 0.457870 0.060417 0.076852
0 0.497917 0.545833 0.052083 0.130556
0 0.545833 0.627778 0.041667 0.087037
0 0.563021 0.700463 0.057292 0.080556
0 0.570052 0.814815 0.056771 0.127778
0 0.452083 0.640278 0.066667 0.156481
1 0.479167 0.582407 0.058333 0.096296
1 0.480208 0.494444 0.047917 0.061111
1 0.525521 0.511111 0.039583 0.075926
1 0.557292 0.671759 0.054167 0.043519
1 0.532552 0.587500 0.053646 0.062037
1 0.533333 0.706019 0.036458 0.097222
