0 0.458333 0.331944 0.079167 0.165741
0 0.558594 0.287037 0.044271 0.085185
0 0.547656 0.359722 0.042188 0.091667
0 0.455469 0.491667 0.073438 0.111111
0 0.547396 0.496296 0.058333 0.112963
0 0.464062 0.637963 0.048958 0.138889
0 0.547396 0.646759 0.054167 0.089815
0 0.514583 0.767130 0.058333 0.112037
1 0.555469 0.325000 0.053646 0.057407
1 0.468229 0.565741 0.060417 0.048148
1 0.493490 0.730556 0.027604 0.064815
1 0.471615 0.424074 0.030729 0.050000
2 0.450260 0.123148 0.076563 0.227778
2 0.544010 0.116204 0.067187 0.226852
2 0.452865 0.904630 0.051562 0.131481
2 0.551562 0.913426 0.057292 0.113889
