0 0.459896 0.191667 0.052083 0.096296
0 0.553646 0.231019 0.048958 0.089815
0 0.465104 0.312037 0.062500 0.142593
0 0.554427 0.405556 0.061979 0.087037
0 0.511198 0.492130 0.042188 0.078704
0 0.454948 0.547685 0.085938 0.139815
0 0.561198 0.572685 0.056771 0.084259
0 0.507292 0.650926 0.045833 0.087037
0 0.460677 0.745370 0.077604 0.150000
0 0.563542 0.723611 0.060417 0.112037
1 0.504948 0.548148 0.185938 0.187037
1 0.515104 0.721296 0.189583 0.227778
2 0.450000 0.059722 0.068750 0.106481
2 0.545052 0.066667 0.059896 0.112963
2 0.453646 0.937963 0.068750 0.098148
2 0.553646 0.929630 0.057292 0.111111
