1 0.090625 0.546528 0.114062 0.231944
1 0.216016 0.650000 0.122656 0.361111
1 0.348828 0.533333 0.128906 0.258333
1 0.603125 0.595139 0.240625 0.354167
1 0.894531 0.455556 0.115625 0.230556
1 0.954297 0.525000 0.086719 0.288889
0 0.083594 0.479167 0.107813 0.111111
0 0.084766 0.600694 0.111719 0.134722
0 0.213672 0.574306 0.105469 0.193056
0 0.218359 0.719444 0.157031 0.144444
0 0.338281 0.477778 0.100000 0.127778
0 0.344531 0.605556 0.118750 0.119444
0 0.564063 0.484028 0.162500 0.145833
0 0.605859 0.677778 0.224219 0.205556
0 0.892188 0.400694 0.100000 0.131944
0 0.885938 0.518750 0.089063 0.112500
0 0.942187 0.577083 0.110937 0.187500
0 0.956250 0.443056 0.075000 0.133333
