1 0.090234 0.546528 0.127344 0.226389
1 0.216016 0.650000 0.127344 0.363889
1 0.567969 0.473611 0.109375 0.175000
1 0.818359 0.468056 0.113281 0.211111
1 0.946484 0.510417 0.103906 0.290278
0 0.084766 0.486111 0.092969 0.116667
0 0.083594 0.596528 0.129688 0.140278
0 0.214844 0.569444 0.098437 0.213889
0 0.220703 0.731250 0.146094 0.179167
0 0.339453 0.537500 0.158594 0.230556
0 0.571094 0.452778 0.110937 0.122222
0 0.564453 0.536806 0.072656 0.054167
0 0.605469 0.663889 0.229687 0.186111
0 0.816406 0.418056 0.107813 0.127778
0 0.827734 0.527778 0.066406 0.097222
0 0.962891 0.436111 0.067969 0.136111
0 0.941797 0.577083 0.102344 0.151389
