0 0.567969 0.450694 0.110937 0.126389
0 0.566797 0.541667 0.078906 0.061111
0 0.603906 0.668750 0.239063 0.201389
0 0.909766 0.393750 0.125781 0.126389
0 0.897266 0.517361 0.111719 0.112500
0 0.965234 0.436806 0.064844 0.134722
0 0.949219 0.584722 0.090625 0.161111
0 0.342578 0.543750 0.149219 0.231944
0 0.212500 0.568750 0.095312 0.206944
0 0.206641 0.738194 0.149219 0.176389
0 0.083594 0.485417 0.100000 0.106944
0 0.087891 0.603472 0.130469 0.123611
1 0.085547 0.547222 0.105469 0.225000
1 0.217188 0.647917 0.125000 0.348611
1 0.569531 0.475694 0.109375 0.181944
1 0.891016 0.445139 0.088281 0.229167
1 0.953125 0.521528 0.082812 0.281944
