0 0.169922 0.548611 0.124219 0.211111
0 0.183203 0.688889 0.200781 0.277778
0 0.358203 0.579167 0.091406 0.147222
0 0.621484 0.299306 0.153906 0.179167
0 0.587891 0.520139 0.191406 0.184722
0 0.594531 0.676389 0.171875 0.186111
0 0.649219 0.502083 0.176563 0.220833
0 0.857031 0.629167 0.145313 0.213889
0 0.937109 0.568056 0.122656 0.172222
0 0.962109 0.427778 0.064844 0.147222
0 0.028125 0.585417 0.050000 0.148611
0 0.033594 0.733333 0.062500 0.161111
0 0.087891 0.565972 0.122656 0.209722
1 0.180078 0.638889 0.197656 0.411111
1 0.591406 0.603472 0.192188 0.368056
1 0.637500 0.404861 0.178125 0.395833
1 0.952734 0.504861 0.083594 0.290278
1 0.037891 0.661806 0.069531 0.315278
