0 0.083984 0.494444 0.099219 0.100000
0 0.087109 0.611111 0.111719 0.144444
0 0.209766 0.586806 0.102344 0.201389
0 0.211328 0.740278 0.133594 0.166667
0 0.337109 0.478472 0.091406 0.154167
0 0.342578 0.595833 0.127344 0.130556
0 0.636328 0.643750 0.232031 0.295833
0 0.602734 0.366667 0.097656 0.097222
0 0.831641 0.526389 0.092969 0.150000
0 0.939453 0.586806 0.103906 0.176389
1 0.089844 0.552083 0.114062 0.231944
1 0.212109 0.650000 0.122656 0.341667
1 0.341797 0.534028 0.127344 0.256944
0 0.611328 0.441667 0.191406 0.072222
1 0.616406 0.397222 0.187500 0.155556
