0 0.357812 0.572917 0.079687 0.148611
0 0.593750 0.352083 0.264062 0.312500
0 0.598437 0.636111 0.268750 0.327778
0 0.858984 0.628472 0.139844 0.198611
0 0.939844 0.571528 0.112500 0.190278
0 0.958203 0.432639 0.078906 0.145833
0 0.176563 0.554167 0.135937 0.208333
0 0.172266 0.695139 0.210156 0.254167
0 0.080078 0.583333 0.127344 0.222222
0 0.028906 0.590972 0.054688 0.168056
0 0.032422 0.729861 0.057031 0.173611
1 0.037109 0.657639 0.069531 0.301389
1 0.175000 0.634722 0.195312 0.383333
1 0.606641 0.491667 0.283594 0.616667
1 0.958594 0.495833 0.076563 0.305556
