0 0.127734 0.381250 0.092969 0.109722
0 0.169531 0.541667 0.157812 0.208333
0 0.178906 0.706250 0.200000 0.234722
0 0.032813 0.662500 0.064062 0.247222
0 0.399609 0.584028 0.133594 0.131944
0 0.326172 0.538194 0.085156 0.095833
0 0.612109 0.472917 0.208594 0.190278
0 0.634766 0.687500 0.261719 0.208333
0 0.815234 0.414583 0.105469 0.112500
0 0.826953 0.524306 0.066406 0.101389
0 0.961719 0.432639 0.068750 0.137500
0 0.937891 0.570139 0.108594 0.165278
1 0.191016 0.638889 0.192969 0.375000
1 0.628516 0.585417 0.266406 0.415278
1 0.814453 0.465972 0.099219 0.231944
1 0.941406 0.507639 0.112500 0.290278
