0 0.178516 0.555556 0.142969 0.211111
0 0.185547 0.702778 0.213281 0.258333
0 0.237500 0.477083 0.089063 0.115278
0 0.411328 0.329167 0.210156 0.191667
0 0.400781 0.521528 0.173437 0.173611
0 0.389844 0.680556 0.195312 0.266667
0 0.674609 0.511806 0.133594 0.195833
0 0.667188 0.668056 0.175000 0.172222
0 0.813281 0.490278 0.153125 0.147222
0 0.861328 0.627083 0.128906 0.218056
0 0.942187 0.560417 0.110937 0.159722
0 0.960547 0.429167 0.072656 0.152778
0 0.032031 0.577778 0.064062 0.163889
0 0.034766 0.733333 0.067969 0.150000
0 0.077344 0.540972 0.087500 0.179167
1 0.179297 0.645139 0.207031 0.395833
1 0.402734 0.423611 0.186719 0.405556
1 0.663281 0.573611 0.160938 0.341667
1 0.949609 0.491667 0.089844 0.302778
1 0.036328 0.649306 0.072656 0.306944
