1 0.183984 0.649306 0.219531 0.351389
1 0.836328 0.479167 0.105469 0.241667
1 0.960547 0.510417 0.075781 0.293056
1 0.039453 0.666667 0.072656 0.288889
0 0.068359 0.565278 0.103906 0.191667
0 0.033203 0.586806 0.063281 0.120833
0 0.037891 0.725000 0.069531 0.138889
0 0.176953 0.545139 0.132031 0.193056
0 0.187109 0.706944 0.189844 0.236111
0 0.323828 0.559028 0.158594 0.187500
0 0.618359 0.482639 0.180469 0.176389
0 0.624219 0.667361 0.259375 0.259722
0 0.835547 0.409028 0.114844 0.109722
0 0.846094 0.510417 0.081250 0.098611
0 0.857812 0.634028 0.150000 0.204167
0 0.957031 0.422222 0.070312 0.152778
0 0.955078 0.575694 0.085156 0.173611
