1 0.626953 0.409028 0.202344 0.390278
1 0.592187 0.607639 0.190625 0.329167
1 0.952734 0.513194 0.088281 0.290278
1 0.198437 0.644444 0.204687 0.366667
1 0.037891 0.665972 0.074219 0.315278
0 0.030469 0.600694 0.056250 0.165278
0 0.033203 0.752778 0.060156 0.169444
0 0.073438 0.585417 0.117188 0.229167
0 0.167578 0.551389 0.132031 0.200000
0 0.178906 0.698611 0.189062 0.247222
0 0.361328 0.580556 0.099219 0.138889
0 0.617969 0.313889 0.159375 0.213889
0 0.633203 0.496528 0.189844 0.218056
0 0.592969 0.527083 0.179688 0.190278
0 0.604297 0.676389 0.174219 0.183333
0 0.860938 0.621528 0.143750 0.193056
0 0.953516 0.568750 0.086719 0.179167
0 0.964453 0.427083 0.061719 0.143056
