0 0.076563 0.580556 0.146875 0.213889
0 0.037109 0.700694 0.057031 0.193056
0 0.205469 0.727083 0.142187 0.240278
0 0.245312 0.565972 0.143750 0.145833
0 0.420312 0.352083 0.207813 0.168056
0 0.437109 0.554861 0.219531 0.212500
0 0.574609 0.506250 0.094531 0.129167
0 0.656250 0.684028 0.253125 0.220833
0 0.750391 0.410417 0.163281 0.159722
0 0.740234 0.552778 0.146094 0.152778
0 0.888281 0.472222 0.134375 0.191667
0 0.969922 0.478472 0.055469 0.148611
0 0.958594 0.606944 0.075000 0.158333
1 0.964063 0.537500 0.064062 0.297222
1 0.750000 0.475694 0.168750 0.290278
1 0.432812 0.454167 0.220312 0.369444
