0 0.083203 0.488889 0.088281 0.119444
0 0.075781 0.584722 0.084375 0.111111
0 0.033594 0.672917 0.059375 0.262500
0 0.178125 0.567361 0.132812 0.184722
0 0.199219 0.706250 0.176563 0.245833
0 0.394922 0.565972 0.132031 0.145833
0 0.435547 0.508333 0.102344 0.147222
0 0.612891 0.502083 0.214844 0.195833
0 0.632422 0.691667 0.260156 0.186111
0 0.815234 0.418056 0.099219 0.144444
0 0.825000 0.522917 0.070312 0.101389
0 0.964844 0.425694 0.065625 0.123611
0 0.939453 0.570139 0.111719 0.181944
1 0.078906 0.529861 0.068750 0.223611
1 0.187891 0.638889 0.219531 0.366667
1 0.623437 0.603472 0.267188 0.423611
1 0.815625 0.454861 0.098437 0.231944
1 0.936328 0.509028 0.105469 0.312500
