1 0.180859 0.634028 0.208594 0.390278
1 0.401562 0.418750 0.187500 0.365278
1 0.667188 0.597917 0.165625 0.298611
1 0.651172 0.455556 0.180469 0.275000
1 0.955859 0.495139 0.085156 0.284722
1 0.039453 0.662500 0.072656 0.316667
0 0.033594 0.584028 0.059375 0.162500
0 0.042188 0.747222 0.071875 0.161111
0 0.170703 0.549306 0.144531 0.204167
0 0.183203 0.680556 0.186719 0.263889
0 0.388281 0.672917 0.185938 0.240278
0 0.407031 0.519444 0.154688 0.163889
0 0.405078 0.314583 0.183594 0.209722
0 0.654297 0.418056 0.157031 0.161111
0 0.676172 0.509722 0.114844 0.175000
0 0.672656 0.668056 0.165625 0.175000
0 0.635938 0.545139 0.173437 0.145833
0 0.869531 0.621528 0.135937 0.206944
0 0.958984 0.567361 0.078906 0.176389
0 0.961719 0.417361 0.057813 0.131944
0 0.071094 0.560417 0.106250 0.212500
0 0.251172 0.455556 0.086719 0.144444
