1 0.187891 0.643750 0.196094 0.387500
1 0.038281 0.656944 0.071875 0.300000
1 0.590625 0.506250 0.285938 0.612500
1 0.835156 0.477083 0.100000 0.251389
1 0.950000 0.502083 0.090625 0.279167
0 0.173828 0.552778 0.132031 0.216667
0 0.175391 0.697917 0.205469 0.256944
0 0.357422 0.580556 0.091406 0.141667
0 0.082031 0.568056 0.132812 0.219444
0 0.031641 0.594444 0.061719 0.147222
0 0.037500 0.743750 0.070312 0.151389
0 0.599609 0.327083 0.277344 0.312500
0 0.605078 0.651389 0.264844 0.325000
0 0.830859 0.403472 0.107031 0.115278
0 0.851953 0.517361 0.110156 0.112500
0 0.860156 0.627083 0.132812 0.195833
0 0.957812 0.429861 0.076563 0.140278
0 0.954688 0.568056 0.079687 0.158333
