1 0.592187 0.613194 0.193750 0.373611
1 0.636719 0.403472 0.185938 0.409722
1 0.950000 0.500694 0.092188 0.306944
1 0.182422 0.641667 0.199219 0.369444
1 0.037891 0.661111 0.069531 0.325000
0 0.169922 0.556944 0.130469 0.205556
0 0.184766 0.690972 0.186719 0.262500
0 0.580469 0.502778 0.198437 0.216667
0 0.593750 0.685417 0.184375 0.201389
0 0.623437 0.306944 0.159375 0.202778
0 0.631250 0.501389 0.214062 0.227778
0 0.863672 0.629167 0.157031 0.205556
0 0.932813 0.570139 0.114062 0.181944
0 0.957422 0.416667 0.061719 0.144444
0 0.361719 0.570139 0.092188 0.140278
0 0.031641 0.584028 0.060156 0.159722
0 0.035547 0.733333 0.064844 0.147222
0 0.088281 0.552083 0.093750 0.187500
