0 0.083984 0.481250 0.105469 0.118056
0 0.092188 0.606944 0.125000 0.119444
0 0.212500 0.575000 0.107813 0.202778
0 0.213281 0.737500 0.142187 0.166667
0 0.341406 0.469444 0.100000 0.125000
0 0.342969 0.590278 0.129688 0.144444
0 0.563281 0.529167 0.076563 0.075000
0 0.600781 0.665278 0.240625 0.197222
0 0.889453 0.401389 0.096094 0.133333
0 0.867578 0.520139 0.074219 0.112500
0 0.945703 0.584028 0.103906 0.184722
0 0.968750 0.434028 0.054688 0.126389
1 0.090234 0.544444 0.110156 0.236111
1 0.211328 0.651389 0.132031 0.338889
1 0.341797 0.527083 0.121094 0.231944
1 0.884766 0.446528 0.111719 0.248611
1 0.946875 0.518750 0.096875 0.301389
