0 0.244141 0.468056 0.094531 0.152778
0 0.172656 0.548611 0.139063 0.200000
0 0.076172 0.536111 0.119531 0.200000
0 0.033984 0.577083 0.060156 0.154167
0 0.036719 0.731944 0.067187 0.147222
0 0.178125 0.704167 0.210938 0.222222
0 0.399609 0.525000 0.180469 0.180556
0 0.400391 0.672917 0.194531 0.231944
0 0.408984 0.330556 0.189844 0.200000
0 0.653906 0.400694 0.170313 0.156944
0 0.677734 0.520139 0.122656 0.184722
0 0.674609 0.663889 0.172656 0.186111
0 0.632812 0.543056 0.153125 0.147222
0 0.853516 0.383333 0.111719 0.125000
0 0.839453 0.502778 0.167969 0.147222
0 0.957031 0.603472 0.081250 0.209722
1 0.400781 0.415972 0.173437 0.387500
1 0.639062 0.470833 0.192188 0.275000
1 0.676172 0.586111 0.150781 0.336111
1 0.848828 0.441667 0.157031 0.252778
1 0.192969 0.627083 0.175000 0.368056
1 0.249609 0.506250 0.094531 0.231944
1 0.035156 0.647222 0.070312 0.302778
