0 0.029687 0.713194 0.056250 0.212500
0 0.087891 0.568750 0.150781 0.201389
0 0.239844 0.565972 0.123438 0.190278
0 0.263281 0.763194 0.120313 0.198611
0 0.401953 0.544444 0.155469 0.200000
0 0.408984 0.334028 0.191406 0.226389
0 0.580469 0.545833 0.084375 0.161111
0 0.673438 0.513889 0.118750 0.191667
0 0.669922 0.670139 0.178906 0.201389
0 0.782422 0.499306 0.119531 0.173611
0 0.957812 0.607639 0.082812 0.187500
1 0.671094 0.581944 0.179688 0.363889
1 0.392578 0.413889 0.164844 0.425000
1 0.241797 0.647917 0.155469 0.337500
