0 0.026562 0.577083 0.048438 0.151389
0 0.034375 0.729167 0.062500 0.161111
0 0.090625 0.554167 0.092188 0.202778
0 0.171875 0.550000 0.143750 0.222222
0 0.184375 0.693056 0.187500 0.275000
0 0.359766 0.578472 0.100781 0.156944
0 0.588672 0.526389 0.186719 0.183333
0 0.599219 0.685417 0.168750 0.190278
0 0.606641 0.310417 0.167969 0.204167
0 0.615625 0.493056 0.206250 0.222222
0 0.856250 0.629167 0.137500 0.208333
0 0.938672 0.569444 0.111719 0.186111
0 0.961328 0.427778 0.064844 0.138889
1 0.588672 0.594444 0.210156 0.400000
1 0.619531 0.404167 0.192188 0.400000
1 0.951562 0.509028 0.090625 0.304167
1 0.179297 0.636806 0.208594 0.390278
1 0.041016 0.654167 0.077344 0.327778
