1 0.088672 0.552083 0.132031 0.240278
1 0.218750 0.644444 0.137500 0.355556
1 0.343750 0.532639 0.126562 0.251389
1 0.569922 0.472917 0.121094 0.184722
1 0.892578 0.452778 0.108594 0.219444
1 0.948438 0.523611 0.093750 0.275000
0 0.090625 0.484722 0.104688 0.102778
0 0.085938 0.595833 0.126562 0.130556
0 0.213672 0.573611 0.094531 0.194444
0 0.209375 0.731944 0.126562 0.166667
0 0.344141 0.468056 0.094531 0.141667
0 0.344922 0.588194 0.121094 0.131944
0 0.566797 0.453472 0.121094 0.134722
0 0.561328 0.546528 0.072656 0.043056
0 0.609766 0.651389 0.238281 0.213889
0 0.889453 0.401389 0.092969 0.111111
0 0.888281 0.521528 0.095312 0.112500
0 0.945703 0.583333 0.103906 0.180556
0 0.965234 0.433333 0.064844 0.116667
