0 0.390625 0.565278 0.117188 0.163889
0 0.619531 0.479167 0.189062 0.180556
0 0.619531 0.661806 0.239063 0.226389
0 0.833594 0.415972 0.109375 0.093056
0 0.846875 0.530556 0.087500 0.125000
0 0.861719 0.628472 0.150000 0.209722
0 0.959766 0.435417 0.074219 0.129167
0 0.946875 0.559028 0.100000 0.173611
0 0.175781 0.553472 0.145313 0.206944
0 0.185547 0.690278 0.196094 0.247222
0 0.083984 0.561806 0.114844 0.187500
0 0.030859 0.583333 0.058594 0.144444
0 0.037109 0.743056 0.071094 0.163889
1 0.180078 0.640972 0.191406 0.390278
1 0.040625 0.661111 0.070312 0.308333
1 0.634766 0.597222 0.257031 0.430556
1 0.837500 0.450000 0.126562 0.169444
1 0.953125 0.507639 0.078125 0.293056
