1 0.841016 0.481944 0.105469 0.236111
1 0.954297 0.508333 0.089844 0.302778
1 0.185156 0.648611 0.203125 0.366667
1 0.039062 0.666667 0.073438 0.305556
0 0.033203 0.583333 0.060156 0.122222
0 0.036328 0.729861 0.071094 0.159722
0 0.074219 0.572222 0.100000 0.205556
0 0.171094 0.550000 0.143750 0.202778
0 0.192969 0.695139 0.171875 0.276389
0 0.392188 0.572222 0.117188 0.150000
0 0.612109 0.501389 0.182031 0.222222
0 0.835938 0.419444 0.117188 0.113889
0 0.837500 0.529167 0.100000 0.127778
0 0.864844 0.635417 0.140625 0.209722
0 0.959375 0.434722 0.078125 0.152778
0 0.951172 0.561806 0.091406 0.168056
