0 0.473698 0.237963 0.054688 0.100000
0 0.445573 0.322685 0.060937 0.126852
0 0.513802 0.381019 0.046354 0.076852
0 0.550781 0.316204 0.043229 0.102778
0 0.549219 0.469907 0.043229 0.073148
0 0.531771 0.540741 0.043750 0.070370
0 0.458333 0.499537 0.079167 0.123148
0 0.448437 0.675000 0.061458 0.131481
0 0.497135 0.631481 0.047396 0.075926
0 0.561458 0.675463 0.059375 0.113889
1 0.464583 0.654167 0.103125 0.154630
1 0.550521 0.510648 0.072917 0.119444
1 0.529687 0.666204 0.114583 0.134259
1 0.535937 0.335185 0.094792 0.144444
1 0.458333 0.277778 0.087500 0.157407
2 0.452604 0.894907 0.067708 0.204630
2 0.550781 0.892130 0.061979 0.204630
2 0.444792 0.057870 0.065625 0.100926
2 0.541406 0.105093 0.068229 0.184259
