0 0.554948 0.234259 0.052604 0.088889
0 0.441146 0.141667 0.062500 0.098148
0 0.452083 0.242593 0.069792 0.127778
0 0.507292 0.271759 0.040625 0.091667
0 0.557552 0.390278 0.065104 0.110185
0 0.458333 0.374537 0.075000 0.110185
0 0.512760 0.487963 0.045312 0.098148
0 0.560677 0.571759 0.055729 0.067593
0 0.448177 0.584259 0.072396 0.131481
0 0.509375 0.653704 0.035417 0.098148
0 0.560417 0.730556 0.057292 0.125926
0 0.464583 0.750000 0.086458 0.168519
1 0.468229 0.210185 0.115625 0.216667
1 0.541667 0.237037 0.105208 0.146296
1 0.448177 0.287963 0.097396 0.268519
1 0.548177 0.426389 0.094271 0.197222
1 0.546354 0.519907 0.092708 0.171296
1 0.461198 0.668981 0.117188 0.312037
1 0.542448 0.681944 0.101562 0.189815
1 0.546094 0.550463 0.117188 0.230556
2 0.453646 0.946759 0.068750 0.102778
2 0.551562 0.934722 0.069792 0.112037
2 0.542188 0.063426 0.060417 0.106481
