0 0.481250 0.137963 0.050000 0.088889
0 0.464062 0.257407 0.075000 0.151852
0 0.547396 0.322685 0.045833 0.076852
0 0.496354 0.385185 0.045833 0.083333
0 0.442448 0.421759 0.072396 0.134259
0 0.513021 0.507407 0.069792 0.129630
0 0.582031 0.493056 0.051562 0.078704
0 0.568490 0.600000 0.028646 0.077778
0 0.558333 0.723611 0.064583 0.126852
0 0.459115 0.627315 0.045312 0.093519
0 0.445052 0.681944 0.057813 0.089815
1 0.451823 0.648611 0.072396 0.147222
1 0.503125 0.417593 0.188542 0.472222
1 0.559635 0.672685 0.080729 0.202778
1 0.464583 0.199537 0.088542 0.204630
2 0.545573 0.053704 0.056771 0.074074
2 0.453385 0.890278 0.060937 0.208333
2 0.542969 0.905093 0.067187 0.178704
