0 0.473438 0.163426 0.053125 0.075000
0 0.552083 0.320370 0.055208 0.062963
0 0.497917 0.367130 0.063542 0.078704
0 0.503906 0.505093 0.075521 0.084259
0 0.575521 0.482870 0.046875 0.086111
0 0.566927 0.601389 0.034896 0.076852
0 0.555729 0.710185 0.059375 0.135185
0 0.460677 0.615741 0.035937 0.077778
0 0.447396 0.677778 0.054167 0.075926
1 0.442969 0.644444 0.052604 0.168519
1 0.561458 0.659259 0.069792 0.237037
1 0.520833 0.330093 0.116667 0.145370
1 0.535156 0.494907 0.133854 0.147222
2 0.465625 0.863889 0.076042 0.175926
2 0.545573 0.888889 0.083854 0.196296
2 0.535417 0.118519 0.070833 0.211111
