0 0.437500 0.522222 0.065625 0.114815
0 0.465885 0.303704 0.067187 0.114815
0 0.463021 0.188426 0.050000 0.065741
0 0.555990 0.229630 0.036979 0.068519
0 0.558594 0.395833 0.067187 0.082407
0 0.521094 0.492130 0.047396 0.076852
0 0.564844 0.563889 0.056771 0.079630
0 0.509115 0.645370 0.047396 0.090741
0 0.557031 0.716204 0.048438 0.145370
1 0.463281 0.272685 0.096354 0.249074
1 0.538281 0.466204 0.120313 0.275000
1 0.530208 0.697222 0.130208 0.198148
2 0.467187 0.882407 0.076042 0.155556
2 0.546354 0.891204 0.078125 0.175000
2 0.461979 0.064815 0.058333 0.109259
2 0.538542 0.082870 0.080208 0.132407
