0 0.530208 0.175000 0.048958 0.088889
0 0.546615 0.261574 0.069271 0.080556
0 0.422396 0.181019 0.062500 0.121296
0 0.416927 0.376389 0.095312 0.149074
0 0.558594 0.393056 0.106771 0.154630
0 0.548177 0.645370 0.086979 0.140741
0 0.433854 0.582407 0.070833 0.120370
0 0.417708 0.664352 0.063542 0.099074
1 0.425781 0.609722 0.070312 0.200926
1 0.544531 0.209722 0.081771 0.152778
2 0.422396 0.056481 0.057292 0.090741
2 0.526563 0.054167 0.062500 0.082407
2 0.423177 0.883333 0.081771 0.214815
2 0.528385 0.875463 0.057813 0.225000
