0 0.431250 0.806481 0.072917 0.131481
0 0.492969 0.707407 0.047396 0.118519
0 0.545573 0.782870 0.049479 0.106481
0 0.412500 0.639352 0.111458 0.173148
0 0.500781 0.476389 0.069271 0.143519
0 0.562760 0.611574 0.101562 0.156481
0 0.555208 0.363889 0.071875 0.177778
0 0.422656 0.333796 0.093229 0.137963
0 0.424219 0.186574 0.076563 0.132407
0 0.492708 0.208333 0.058333 0.112963
0 0.550000 0.152315 0.055208 0.139815
0 0.419792 0.089815 0.066667 0.081481
1 0.450000 0.146296 0.126042 0.229630
1 0.534635 0.410648 0.130729 0.289815
1 0.548177 0.548148 0.140104 0.270370
1 0.482812 0.696759 0.222917 0.363889
