0 0.416146 0.720833 0.083333 0.132407
0 0.477604 0.677315 0.057292 0.069444
0 0.549740 0.722222 0.060937 0.109259
0 0.523958 0.570833 0.055208 0.108333
0 0.555208 0.464352 0.056250 0.126852
0 0.418490 0.501852 0.111979 0.194444
0 0.418229 0.281481 0.067708 0.161111
0 0.446354 0.167593 0.068750 0.094444
0 0.546875 0.279167 0.067708 0.119444
2 0.439844 0.891204 0.084896 0.171296
2 0.518490 0.875463 0.078646 0.191667
2 0.482812 0.300463 0.055208 0.163889
2 0.525781 0.106019 0.085938 0.195370
2 0.443490 0.052778 0.073438 0.096296
1 0.418490 0.371296 0.091146 0.096296
1 0.548698 0.361111 0.063021 0.096296
1 0.538802 0.518981 0.082812 0.095370
1 0.545573 0.652778 0.060937 0.125926
1 0.420833 0.622222 0.096875 0.074074
1 0.434115 0.193056 0.075521 0.075000
