0 0.447917 0.170833 0.058333 0.086111
0 0.415365 0.274074 0.079687 0.138889
0 0.504948 0.334722 0.057813 0.108333
0 0.577865 0.245370 0.113021 0.188889
0 0.554427 0.470370 0.066146 0.111111
0 0.531510 0.570833 0.063021 0.106481
0 0.420573 0.495370 0.108854 0.205556
0 0.477344 0.687963 0.067187 0.083333
0 0.415365 0.720833 0.082812 0.149074
0 0.554167 0.723148 0.068750 0.122222
2 0.427604 0.918056 0.071875 0.137963
2 0.528906 0.919444 0.050521 0.138889
2 0.434375 0.046296 0.073958 0.085185
2 0.530990 0.054167 0.069271 0.089815
1 0.419010 0.233796 0.114062 0.252778
1 0.560156 0.261111 0.170313 0.255556
1 0.543229 0.518981 0.090625 0.217593
1 0.487500 0.723611 0.220833 0.158333
