0 0.436979 0.146296 0.061458 0.059259
0 0.439323 0.270833 0.078646 0.137963
0 0.550000 0.180093 0.058333 0.080556
0 0.556771 0.372685 0.080208 0.119444
0 0.497656 0.496759 0.067187 0.113889
0 0.415365 0.572222 0.095312 0.118519
0 0.563021 0.601852 0.078125 0.103704
0 0.495573 0.713889 0.065104 0.111111
0 0.560156 0.772222 0.071354 0.096296
0 0.438021 0.800463 0.086458 0.119444
1 0.489583 0.770833 0.218750 0.226852
1 0.495573 0.562037 0.272396 0.225926
2 0.532031 0.056019 0.065104 0.093519
2 0.430990 0.037500 0.060937 0.065741
2 0.436979 0.962037 0.064583 0.059259
2 0.532552 0.953241 0.046354 0.063889
