0 0.444531 0.167593 0.068229 0.094444
0 0.415885 0.264352 0.101562 0.136111
0 0.496615 0.336111 0.061979 0.111111
0 0.551823 0.278704 0.072396 0.150000
0 0.556250 0.468056 0.081250 0.106481
0 0.527865 0.569907 0.069271 0.126852
0 0.425000 0.507870 0.127083 0.182407
0 0.413802 0.713889 0.083854 0.162963
0 0.478385 0.689815 0.073438 0.075926
0 0.552083 0.740278 0.085417 0.193519
1 0.443490 0.723611 0.132812 0.176852
1 0.518229 0.717130 0.156250 0.210185
1 0.553646 0.543519 0.110417 0.251852
1 0.532813 0.299074 0.111458 0.233333
1 0.432552 0.231019 0.101562 0.230556
