0 0.551302 0.177778 0.064062 0.070370
0 0.484375 0.213426 0.054167 0.093519
0 0.420573 0.345370 0.104688 0.142593
0 0.557813 0.362963 0.086458 0.161111
0 0.489063 0.492130 0.064583 0.126852
0 0.563542 0.607407 0.072917 0.094444
0 0.406771 0.625000 0.119792 0.157407
0 0.492708 0.717593 0.040625 0.101852
0 0.555990 0.777315 0.074479 0.102778
0 0.438281 0.800000 0.099479 0.125926
1 0.412500 0.699074 0.153125 0.337037
1 0.537500 0.675926 0.153125 0.272222
1 0.429167 0.259722 0.176042 0.258333
1 0.530469 0.546296 0.138021 0.233333
2 0.436979 0.966204 0.064583 0.065741
2 0.530208 0.949074 0.053125 0.094444
2 0.416667 0.091667 0.045833 0.164815
