0 0.420573 0.098611 0.049479 0.080556
0 0.424219 0.232870 0.091146 0.149074
0 0.559115 0.092593 0.058854 0.122222
0 0.572135 0.266204 0.064062 0.100926
0 0.574219 0.482870 0.101562 0.187963
0 0.404687 0.436574 0.117708 0.204630
0 0.412760 0.691204 0.080729 0.189815
0 0.545833 0.693056 0.054167 0.082407
0 0.553906 0.764815 0.060937 0.057407
0 0.554948 0.856019 0.046354 0.075000
0 0.485677 0.794907 0.073438 0.126852
0 0.414583 0.830093 0.065625 0.080556
0 0.437760 0.879167 0.072396 0.082407
1 0.549740 0.771296 0.080729 0.233333
1 0.447135 0.754167 0.141146 0.276852
