0 0.427865 0.708333 0.092188 0.137037
0 0.547917 0.683796 0.059375 0.128704
0 0.548958 0.487963 0.067708 0.148148
0 0.421354 0.442130 0.061458 0.100926
0 0.457292 0.364352 0.061458 0.084259
0 0.540885 0.242593 0.083854 0.098148
0 0.427865 0.229630 0.067187 0.042593
2 0.443229 0.104167 0.072917 0.187963
2 0.526302 0.086111 0.079687 0.157407
2 0.548698 0.351389 0.089063 0.097222
2 0.429427 0.570833 0.102604 0.137963
2 0.437500 0.883796 0.082292 0.162037
2 0.514323 0.857870 0.054688 0.206481
1 0.428646 0.395833 0.090625 0.167593
