0 0.461719 0.093981 0.051562 0.076852
0 0.444010 0.205093 0.089063 0.132407
0 0.544531 0.263889 0.063021 0.087037
0 0.477604 0.343981 0.070833 0.102778
0 0.401302 0.408796 0.084896 0.158333
0 0.586979 0.491204 0.063542 0.091667
0 0.504948 0.518981 0.104688 0.193519
0 0.579167 0.645370 0.042708 0.105556
0 0.559375 0.775000 0.075000 0.111111
0 0.498177 0.738889 0.056771 0.120370
0 0.430729 0.685185 0.051042 0.098148
0 0.404948 0.733333 0.066146 0.094444
1 0.406250 0.695833 0.082292 0.163889
1 0.480729 0.717130 0.211458 0.225000
1 0.537760 0.489815 0.174479 0.185185
1 0.430990 0.362037 0.153646 0.187037
1 0.440885 0.158796 0.109896 0.212037
2 0.536458 0.047685 0.051042 0.080556
2 0.433073 0.929167 0.063021 0.104630
2 0.530208 0.929167 0.052083 0.113889
