0 0.402344 0.607407 0.104688 0.161111
0 0.469531 0.595370 0.050521 0.098148
0 0.458854 0.780556 0.083333 0.114815
0 0.562240 0.764815 0.051562 0.083333
0 0.548438 0.623148 0.055208 0.150000
0 0.519531 0.460648 0.099479 0.110185
0 0.400000 0.400463 0.085417 0.121296
0 0.468229 0.321759 0.051042 0.128704
0 0.447917 0.189352 0.100000 0.123148
0 0.467448 0.091667 0.061979 0.098148
0 0.545052 0.260185 0.067187 0.074074
0 0.591146 0.497685 0.069792 0.104630
1 0.424740 0.588426 0.170313 0.176852
1 0.547656 0.461111 0.139063 0.192593
1 0.437500 0.374074 0.128125 0.227778
1 0.453906 0.122685 0.091146 0.225000
1 0.554688 0.690741 0.066667 0.253704
1 0.506250 0.768519 0.172917 0.142593
2 0.458594 0.915278 0.078646 0.104630
2 0.530469 0.916204 0.055729 0.125000
