0 0.455990 0.122222 0.067187 0.107407
0 0.543229 0.252315 0.077083 0.093519
0 0.473698 0.336111 0.107813 0.116667
0 0.401823 0.385185 0.096354 0.175926
0 0.511198 0.507870 0.098437 0.197222
0 0.588802 0.485185 0.067187 0.109259
0 0.571094 0.646759 0.059896 0.093519
0 0.555990 0.781019 0.070312 0.106481
0 0.433594 0.670833 0.067187 0.089815
0 0.411198 0.745833 0.074479 0.076852
1 0.416667 0.703241 0.092708 0.197222
1 0.430990 0.379630 0.147396 0.225926
1 0.545052 0.488426 0.183854 0.184259
2 0.451562 0.894444 0.100000 0.135185
