0 0.417708 0.099537 0.054167 0.091667
0 0.517448 0.114352 0.075521 0.137963
0 0.567708 0.252778 0.058333 0.101852
0 0.423698 0.242593 0.052604 0.112963
0 0.573698 0.460648 0.097396 0.189815
0 0.420833 0.458796 0.075000 0.119444
0 0.478906 0.580093 0.073438 0.171296
0 0.547396 0.686574 0.051042 0.091667
0 0.549740 0.762963 0.054688 0.074074
0 0.556771 0.849537 0.037500 0.065741
0 0.419531 0.693056 0.075521 0.178704
1 0.505469 0.501852 0.238021 0.307407
1 0.553906 0.745833 0.052604 0.241667
2 0.515885 0.957870 0.048438 0.082407
