0 0.424740 0.706944 0.085938 0.102778
0 0.536458 0.689352 0.070833 0.171296
0 0.525260 0.525463 0.051562 0.108333
0 0.550521 0.367130 0.059375 0.178704
0 0.422656 0.445833 0.036979 0.121296
0 0.432812 0.207870 0.058333 0.082407
0 0.434635 0.122222 0.053646 0.057407
0 0.543750 0.153241 0.067708 0.125000
1 0.433073 0.150463 0.053646 0.047222
1 0.542969 0.463889 0.071354 0.072222
1 0.535417 0.595833 0.062500 0.050926
2 0.424479 0.566204 0.086458 0.125000
2 0.428385 0.301389 0.079687 0.128704
2 0.539062 0.229630 0.064583 0.079630
2 0.445573 0.041667 0.056771 0.072222
2 0.431771 0.813889 0.075000 0.074074
2 0.435937 0.928241 0.066667 0.119444
2 0.527344 0.830556 0.056771 0.087037
2 0.514583 0.936111 0.051042 0.103704
2 0.519792 0.037037 0.066667 0.064815
