0 0.436719 0.151852 0.055729 0.059259
0 0.438802 0.257870 0.091146 0.152778
0 0.544271 0.172685 0.064583 0.084259
0 0.557813 0.381481 0.084375 0.133333
0 0.496875 0.497685 0.077083 0.123148
0 0.563542 0.602778 0.077083 0.103704
0 0.492969 0.712963 0.060937 0.107407
0 0.559115 0.784722 0.068229 0.110185
0 0.442708 0.804167 0.085417 0.123148
2 0.402083 0.528241 0.079167 0.232407
1 0.536979 0.487500 0.143750 0.343519
1 0.437760 0.210185 0.090104 0.224074
1 0.486979 0.745833 0.203125 0.178704
2 0.441146 0.960185 0.072917 0.068519
2 0.529687 0.952315 0.043750 0.082407
