0 0.430208 0.121296 0.065625 0.081481
0 0.435156 0.200000 0.071354 0.114815
0 0.540104 0.235185 0.089583 0.175926
0 0.421094 0.409259 0.086979 0.148148
0 0.541927 0.632870 0.110937 0.228704
0 0.426823 0.712037 0.065104 0.122222
0 0.449219 0.951852 0.053646 0.074074
0 0.513021 0.995370 0.033333 0.007407
1 0.433854 0.153704 0.066667 0.059259
2 0.527344 0.064815 0.074479 0.098148
2 0.538021 0.433333 0.094792 0.120370
2 0.410156 0.576852 0.080729 0.092593
2 0.521354 0.869907 0.065625 0.156481
2 0.425000 0.846759 0.068750 0.080556
2 0.436458 0.040741 0.054167 0.068519
