0 0.463021 0.098148 0.045833 0.061111
0 0.439323 0.201389 0.088021 0.136111
0 0.547917 0.262037 0.070833 0.087037
0 0.468750 0.317130 0.043750 0.126852
0 0.399219 0.388889 0.116146 0.174074
0 0.515104 0.436574 0.084375 0.134259
0 0.597917 0.494907 0.057292 0.099074
0 0.576302 0.644907 0.038021 0.104630
0 0.467969 0.590278 0.045312 0.108333
0 0.396094 0.603241 0.102604 0.160185
0 0.465365 0.783796 0.082812 0.150926
0 0.555729 0.754630 0.052083 0.120370
1 0.409635 0.579630 0.177604 0.190741
1 0.531771 0.471759 0.175000 0.147222
1 0.447396 0.153704 0.123958 0.237037
1 0.420833 0.365278 0.163542 0.206481
1 0.515625 0.787500 0.232292 0.165741
2 0.438802 0.959259 0.077604 0.079630
2 0.532292 0.960648 0.041667 0.076852
2 0.539062 0.095833 0.063542 0.163889
