0 0.405990 0.252778 0.076563 0.131481
0 0.541667 0.234259 0.067708 0.146296
0 0.544531 0.394444 0.078646 0.101852
0 0.547396 0.498148 0.080208 0.081481
0 0.405208 0.445833 0.114583 0.184259
0 0.427344 0.629630 0.069271 0.103704
0 0.433073 0.735648 0.093229 0.102778
0 0.559375 0.716204 0.102083 0.143519
1 0.434375 0.680556 0.097917 0.200000
1 0.547135 0.447685 0.081771 0.169444
2 0.420052 0.083333 0.066146 0.137037
2 0.528385 0.072222 0.076563 0.107407
2 0.427344 0.922685 0.078646 0.125000
2 0.532031 0.924074 0.059896 0.144444
