0 0.461458 0.784722 0.080208 0.143519
0 0.563281 0.771759 0.059896 0.108333
0 0.573698 0.635185 0.059896 0.101852
0 0.588021 0.493519 0.064583 0.107407
0 0.471875 0.598148 0.094792 0.151852
0 0.403646 0.594907 0.116667 0.154630
0 0.467708 0.312963 0.042708 0.118519
0 0.548698 0.264815 0.074479 0.059259
0 0.441927 0.189352 0.092188 0.086111
0 0.455990 0.090741 0.029687 0.068519
1 0.429427 0.594907 0.149479 0.193519
1 0.563021 0.682870 0.063542 0.225000
1 0.513542 0.776389 0.189583 0.117593
1 0.457292 0.213889 0.126042 0.350000
