0 0.391927 0.535648 0.085938 0.169444
0 0.502344 0.728704 0.076563 0.148148
0 0.560156 0.782870 0.052604 0.123148
0 0.560156 0.598611 0.079687 0.139815
0 0.508594 0.501852 0.078646 0.129630
0 0.548177 0.373148 0.088021 0.161111
0 0.425521 0.267130 0.104167 0.136111
0 0.438021 0.131944 0.076042 0.071296
0 0.542448 0.174537 0.070312 0.093519
1 0.541667 0.536574 0.138542 0.239815
1 0.530990 0.731944 0.142187 0.186111
1 0.532813 0.644444 0.138542 0.272222
1 0.436719 0.190741 0.104688 0.279630
2 0.442448 0.869907 0.096354 0.197222
