0 0.412760 0.488889 0.090104 0.142593
0 0.551823 0.501389 0.058854 0.217593
0 0.558854 0.256944 0.075000 0.187963
0 0.445833 0.163889 0.063542 0.090741
0 0.410938 0.291667 0.077083 0.172222
0 0.412500 0.616204 0.063542 0.108333
0 0.443229 0.712500 0.062500 0.112037
0 0.410156 0.747222 0.072396 0.096296
0 0.541667 0.698611 0.061458 0.091667
0 0.526563 0.784259 0.045833 0.103704
1 0.429167 0.189352 0.079167 0.104630
1 0.414844 0.561574 0.090104 0.080556
1 0.423177 0.689352 0.102604 0.121296
1 0.532292 0.744907 0.066667 0.097222
1 0.535937 0.625000 0.081250 0.096296
2 0.447396 0.062500 0.063542 0.110185
2 0.533594 0.068519 0.072396 0.137037
2 0.432812 0.881019 0.071875 0.149074
2 0.507552 0.908333 0.061979 0.151852
