0 0.417187 0.081019 0.050000 0.106481
0 0.551823 0.097685 0.050521 0.091667
0 0.564583 0.269907 0.057292 0.119444
0 0.497656 0.325926 0.103646 0.153704
0 0.424479 0.225926 0.082292 0.162963
0 0.564583 0.462500 0.071875 0.173148
0 0.404948 0.459722 0.080729 0.165741
0 0.472917 0.566667 0.068750 0.177778
0 0.416927 0.690278 0.090104 0.200926
0 0.481771 0.792593 0.061458 0.111111
0 0.548438 0.674074 0.055208 0.105556
0 0.550781 0.762037 0.060937 0.064815
0 0.547917 0.843981 0.039583 0.091667
0 0.411719 0.821296 0.072396 0.090741
0 0.434896 0.883333 0.069792 0.064815
1 0.428646 0.836574 0.100000 0.141667
1 0.550781 0.691204 0.060937 0.162037
1 0.553125 0.810185 0.060417 0.203704
1 0.451302 0.745370 0.142187 0.372222
1 0.433594 0.179167 0.071354 0.302778
1 0.524219 0.410648 0.128646 0.325000
