0 0.463542 0.099074 0.051042 0.062963
0 0.439323 0.198611 0.085938 0.130556
0 0.549479 0.264815 0.073958 0.085185
0 0.468750 0.327315 0.042708 0.130556
0 0.396875 0.393056 0.092708 0.176852
0 0.469010 0.595833 0.063021 0.119444
0 0.388802 0.605556 0.117188 0.150000
0 0.589323 0.500926 0.060937 0.096296
0 0.575260 0.647222 0.039062 0.105556
0 0.561458 0.782870 0.073958 0.115741
0 0.471354 0.790741 0.080208 0.133333
1 0.502604 0.768056 0.173958 0.165741
1 0.572396 0.710185 0.091667 0.227778
1 0.421615 0.598611 0.154688 0.156481
1 0.434375 0.264815 0.122917 0.383333
2 0.538802 0.100926 0.070312 0.183333
2 0.437240 0.952315 0.081771 0.093519
2 0.533594 0.946296 0.051562 0.090741
