0 0.433333 0.132870 0.054167 0.063889
0 0.436198 0.259722 0.090104 0.145370
0 0.549219 0.170833 0.061979 0.076852
0 0.563021 0.387037 0.077083 0.118519
0 0.499740 0.497222 0.082812 0.137037
0 0.396875 0.553704 0.087500 0.161111
0 0.560417 0.606944 0.071875 0.097222
1 0.537500 0.497685 0.134375 0.339815
0 0.491146 0.712500 0.058333 0.121296
0 0.559375 0.781481 0.081250 0.142593
1 0.519792 0.749074 0.128125 0.196296
2 0.425521 0.917130 0.077083 0.156481
2 0.526823 0.943519 0.049479 0.111111
2 0.428906 0.041204 0.068229 0.069444
2 0.524219 0.047685 0.067187 0.080556
