0 0.403646 0.442130 0.091667 0.176852
0 0.556510 0.481019 0.076563 0.182407
0 0.551302 0.715741 0.083854 0.116667
0 0.535417 0.833796 0.044792 0.060185
0 0.439323 0.743056 0.066146 0.086111
0 0.430729 0.626852 0.064583 0.114815
0 0.407031 0.257407 0.067187 0.138889
0 0.541146 0.240278 0.073958 0.171296
0 0.555469 0.108333 0.042188 0.066667
0 0.463021 0.094444 0.062500 0.061111
0 0.474479 0.051852 0.065625 0.053704
1 0.413281 0.336574 0.082812 0.073148
1 0.465365 0.070833 0.065104 0.121296
1 0.541406 0.147685 0.069271 0.095370
1 0.411719 0.547222 0.099479 0.087037
1 0.423698 0.672685 0.095312 0.075000
1 0.534375 0.778241 0.082292 0.076852
2 0.435937 0.868981 0.078125 0.173148
2 0.516146 0.916204 0.066667 0.145370
2 0.417187 0.088889 0.036458 0.116667
2 0.523698 0.037037 0.039062 0.055556
