0 0.414323 0.580093 0.085938 0.187963
0 0.532292 0.222222 0.105208 0.155556
0 0.528385 0.807870 0.075521 0.125000
0 0.529167 0.923611 0.045833 0.071296
0 0.439583 0.881944 0.068750 0.062037
0 0.440625 0.934722 0.050000 0.037963
1 0.431510 0.896296 0.078646 0.138889
2 0.430469 0.755093 0.107813 0.139815
2 0.518750 0.607870 0.108333 0.228704
2 0.408594 0.383796 0.089063 0.156481
2 0.516146 0.386111 0.110417 0.159259
2 0.420312 0.191667 0.100000 0.155556
2 0.435677 0.057870 0.089063 0.099074
0 0.511979 0.036111 0.061458 0.068519
1 0.519010 0.101389 0.057813 0.063889
