0 0.447917 0.939815 0.067708 0.092593
0 0.421875 0.716204 0.054167 0.093519
0 0.430729 0.606481 0.065625 0.101852
0 0.420573 0.405093 0.076563 0.113889
0 0.541927 0.236574 0.081771 0.150926
0 0.433594 0.201852 0.057813 0.075926
0 0.434115 0.118519 0.064062 0.050000
0 0.535937 0.631019 0.082292 0.223148
1 0.432031 0.167593 0.057813 0.150000
1 0.424740 0.654630 0.049479 0.198148
2 0.438281 0.825926 0.079687 0.112963
2 0.517969 0.880556 0.063021 0.212963
2 0.529167 0.411111 0.097917 0.153704
2 0.428385 0.293056 0.081771 0.089815
2 0.515365 0.077315 0.092188 0.143519
2 0.436458 0.040741 0.055208 0.070370
