0 0.456771 0.080093 0.072917 0.112037
0 0.560937 0.095370 0.048958 0.094444
0 0.541667 0.224537 0.071875 0.162037
0 0.408854 0.259259 0.080208 0.122222
0 0.401302 0.438426 0.105729 0.186111
0 0.574219 0.482407 0.102604 0.198148
0 0.546615 0.687037 0.054688 0.094444
0 0.551562 0.763426 0.059375 0.054630
0 0.539844 0.833333 0.039062 0.062963
0 0.435417 0.820833 0.056250 0.069444
0 0.453125 0.871759 0.068750 0.067593
0 0.430729 0.688889 0.106250 0.188889
1 0.432552 0.743981 0.104688 0.299074
1 0.552865 0.765278 0.065104 0.225000
2 0.440885 0.971759 0.061979 0.049074
2 0.528646 0.966204 0.035417 0.065741
