0 0.462760 0.120370 0.058854 0.087037
0 0.546354 0.259259 0.061458 0.079630
0 0.472917 0.346296 0.061458 0.107407
0 0.596094 0.503704 0.060937 0.088889
0 0.497656 0.530556 0.101562 0.181481
0 0.581250 0.650926 0.040625 0.109259
0 0.558594 0.786574 0.079687 0.115741
0 0.428385 0.671296 0.058854 0.118519
0 0.410156 0.747685 0.056771 0.089815
1 0.422656 0.700926 0.068229 0.188889
1 0.544271 0.513889 0.176042 0.205556
2 0.532813 0.044444 0.043750 0.062963
2 0.441927 0.910185 0.078646 0.142593
2 0.407031 0.227778 0.048438 0.098148
