0 0.416406 0.100000 0.053646 0.077778
0 0.519531 0.107407 0.076563 0.135185
0 0.420833 0.241204 0.047917 0.112037
0 0.484115 0.254630 0.077604 0.183333
0 0.571094 0.256944 0.059896 0.086111
0 0.573698 0.458796 0.101562 0.178704
0 0.384635 0.450926 0.094271 0.112963
0 0.484115 0.604167 0.066146 0.143519
0 0.400521 0.699537 0.103125 0.175000
0 0.548698 0.688889 0.045312 0.098148
0 0.550000 0.758333 0.067708 0.066667
0 0.482292 0.797685 0.061458 0.113889
0 0.559635 0.846296 0.036979 0.077778
0 0.495312 0.899537 0.054167 0.067593
0 0.421615 0.852778 0.046354 0.068519
1 0.500521 0.237500 0.204167 0.160185
1 0.470052 0.727778 0.219271 0.375926
2 0.432812 0.969444 0.048958 0.057407
2 0.526823 0.981944 0.028646 0.034259
