0 0.428906 0.707407 0.077604 0.142593
0 0.564583 0.607870 0.073958 0.100926
0 0.555990 0.430093 0.060937 0.056481
0 0.414323 0.456019 0.065104 0.065741
0 0.424219 0.242593 0.060937 0.068519
0 0.547135 0.256019 0.054688 0.087963
2 0.424479 0.565741 0.088542 0.129630
2 0.528906 0.496759 0.105729 0.063889
2 0.427083 0.338889 0.103125 0.109259
2 0.535677 0.342593 0.100521 0.083333
2 0.439583 0.102315 0.064583 0.176852
2 0.527344 0.101389 0.083854 0.184259
2 0.514583 0.781481 0.078125 0.209259
2 0.433333 0.889352 0.086458 0.149074
2 0.514062 0.942593 0.055208 0.088889
