0 0.460417 0.097685 0.051042 0.071296
0 0.441667 0.205556 0.087500 0.116667
0 0.546875 0.262963 0.065625 0.088889
0 0.480729 0.354630 0.059375 0.090741
0 0.400521 0.414352 0.087500 0.162037
0 0.505208 0.516667 0.096875 0.201852
0 0.593750 0.502315 0.052083 0.080556
0 0.574479 0.647222 0.031250 0.105556
0 0.556771 0.775463 0.072917 0.097222
0 0.429688 0.681019 0.047917 0.110185
0 0.411979 0.746296 0.066667 0.083333
1 0.442448 0.159722 0.086979 0.173148
1 0.432292 0.372222 0.159375 0.190741
1 0.550260 0.503241 0.153646 0.165741
1 0.414323 0.698148 0.078646 0.157407
2 0.434896 0.928704 0.081250 0.138889
2 0.532813 0.942130 0.054167 0.113889
2 0.542448 0.103704 0.066146 0.175926
