0 0.423177 0.102315 0.052604 0.076852
0 0.524219 0.118519 0.082812 0.127778
0 0.424219 0.239815 0.057813 0.096296
0 0.566146 0.255556 0.054167 0.079630
0 0.572135 0.466667 0.091146 0.157407
0 0.419010 0.446296 0.077604 0.137037
0 0.479948 0.580093 0.071354 0.167593
0 0.413021 0.693056 0.084375 0.186111
0 0.545312 0.690278 0.057292 0.097222
0 0.547135 0.757407 0.072396 0.085185
0 0.557813 0.851389 0.041667 0.063889
0 0.481250 0.796759 0.078125 0.132407
0 0.414062 0.829630 0.066667 0.081481
0 0.434635 0.867130 0.079687 0.080556
1 0.449740 0.748148 0.148438 0.288889
1 0.556250 0.754630 0.083333 0.242593
1 0.439583 0.554167 0.166667 0.371296
1 0.554948 0.484722 0.193229 0.249074
