0 0.555990 0.235648 0.054688 0.089815
0 0.550781 0.311574 0.064062 0.091667
0 0.500000 0.354630 0.052083 0.107407
0 0.413021 0.277778 0.080208 0.159259
0 0.415625 0.505093 0.095833 0.145370
0 0.565365 0.509259 0.099479 0.135185
0 0.554948 0.728704 0.071354 0.105556
0 0.491146 0.658796 0.062500 0.110185
0 0.410938 0.724537 0.090625 0.143519
2 0.422917 0.079630 0.081250 0.157407
2 0.535937 0.080556 0.070833 0.135185
2 0.527344 0.910648 0.056771 0.162037
2 0.421094 0.908333 0.081771 0.161111
1 0.528906 0.695370 0.142187 0.188889
1 0.441927 0.699074 0.150521 0.209259
1 0.535156 0.283333 0.117188 0.220370
