0 0.415104 0.366204 0.094792 0.132407
0 0.416406 0.181019 0.055729 0.106481
0 0.546354 0.150463 0.063542 0.128704
0 0.537760 0.330556 0.056771 0.081481
0 0.550781 0.425463 0.050521 0.095370
0 0.553646 0.648611 0.066667 0.115741
1 0.541927 0.366204 0.068229 0.087963
2 0.417969 0.260648 0.081771 0.078704
2 0.542448 0.245370 0.059896 0.066667
2 0.448437 0.058333 0.069792 0.109259
2 0.415885 0.555556 0.091146 0.179630
2 0.423698 0.762963 0.088021 0.183333
2 0.441667 0.925926 0.071875 0.118519
2 0.515885 0.786111 0.080729 0.151852
2 0.482812 0.874074 0.001042 0.003704
2 0.515365 0.931944 0.059896 0.108333
2 0.486719 0.539815 0.040104 0.198148
2 0.547917 0.526389 0.064583 0.071296
