0 0.564323 0.606944 0.079687 0.104630
0 0.494271 0.704167 0.051042 0.115741
0 0.552604 0.771759 0.066667 0.113889
0 0.444010 0.797222 0.100521 0.137037
0 0.416146 0.565741 0.106250 0.216667
0 0.498437 0.506481 0.061458 0.162963
0 0.554427 0.375926 0.090104 0.159259
0 0.427865 0.272222 0.108854 0.166667
0 0.440625 0.129630 0.067708 0.074074
0 0.544531 0.180093 0.070312 0.058333
1 0.475260 0.742593 0.196354 0.203704
1 0.533333 0.524074 0.146875 0.266667
1 0.443229 0.531019 0.173958 0.293519
1 0.430990 0.206944 0.098437 0.256481
