0 0.548438 0.683796 0.055208 0.095370
0 0.563021 0.761111 0.071875 0.092593
0 0.548698 0.847685 0.049479 0.058333
0 0.487760 0.800000 0.061979 0.138889
0 0.415365 0.821296 0.072396 0.081481
0 0.444010 0.893981 0.055729 0.063889
0 0.402604 0.693519 0.106250 0.172222
0 0.483854 0.581944 0.087500 0.206481
0 0.424740 0.465278 0.082812 0.162037
0 0.560677 0.473611 0.084896 0.210185
0 0.572396 0.277778 0.068750 0.146296
0 0.480729 0.265278 0.087500 0.215741
0 0.423958 0.229167 0.066667 0.136111
0 0.425260 0.076389 0.047396 0.119444
0 0.517969 0.106944 0.076563 0.141667
1 0.555208 0.763426 0.073958 0.276852
1 0.438802 0.749074 0.168229 0.366667
1 0.522135 0.240741 0.148438 0.203704
1 0.532552 0.186574 0.151562 0.339815
1 0.452865 0.526389 0.135937 0.326852
1 0.533594 0.496759 0.146354 0.304630
