0 0.416667 0.496296 0.093750 0.157407
0 0.419010 0.241667 0.056771 0.074074
0 0.554427 0.233333 0.043229 0.094444
0 0.552604 0.501852 0.059375 0.142593
0 0.546354 0.710185 0.054167 0.079630
0 0.423698 0.725000 0.052604 0.079630
2 0.434375 0.830093 0.075000 0.112037
2 0.441146 0.939815 0.075000 0.092593
2 0.518750 0.819907 0.073958 0.121296
2 0.512240 0.935185 0.055729 0.094444
2 0.422396 0.618981 0.089583 0.082407
2 0.529687 0.618056 0.097917 0.080556
2 0.421615 0.343519 0.093229 0.137037
2 0.540365 0.347685 0.096354 0.139815
2 0.445052 0.093519 0.065104 0.172222
2 0.525000 0.088889 0.080208 0.162963
