0 0.435677 0.142130 0.064062 0.065741
0 0.548698 0.170370 0.055729 0.074074
0 0.490104 0.226852 0.065625 0.077778
0 0.407292 0.247685 0.105208 0.165741
0 0.558854 0.372222 0.081250 0.135185
0 0.425000 0.459259 0.061458 0.075926
0 0.563021 0.607870 0.080208 0.108333
0 0.445573 0.702315 0.083854 0.145370
0 0.555990 0.785648 0.065104 0.112037
0 0.456771 0.851389 0.086458 0.097222
1 0.479687 0.199074 0.241667 0.192593
2 0.444271 0.973611 0.060417 0.050926
2 0.538021 0.951852 0.044792 0.094444
2 0.430990 0.035648 0.052604 0.063889
2 0.534115 0.035185 0.065104 0.068519
