0 0.429948 0.805556 0.064062 0.083333
0 0.459375 0.880556 0.058333 0.070370
0 0.538802 0.832870 0.052604 0.080556
0 0.551562 0.715741 0.094792 0.185185
0 0.431771 0.714815 0.069792 0.100000
0 0.442708 0.631481 0.072917 0.096296
0 0.404948 0.433796 0.113021 0.208333
0 0.561719 0.467593 0.067187 0.179630
0 0.412240 0.257407 0.074479 0.144444
0 0.534375 0.238889 0.083333 0.161111
0 0.557031 0.100926 0.059896 0.088889
0 0.452604 0.070370 0.083333 0.137037
1 0.428385 0.649074 0.092188 0.187037
1 0.445833 0.853241 0.130208 0.204630
1 0.542708 0.754630 0.081250 0.237037
1 0.415365 0.357407 0.102604 0.379630
1 0.550781 0.180556 0.115104 0.324074
