0 0.055469 0.445139 0.101562 0.112500
0 0.071875 0.588194 0.137500 0.240278
0 0.036328 0.702778 0.057031 0.216667
0 0.181250 0.596528 0.181250 0.195833
0 0.270313 0.548611 0.096875 0.186111
0 0.211719 0.743056 0.154688 0.183333
0 0.426953 0.353472 0.208594 0.201389
0 0.430859 0.543750 0.221094 0.231944
0 0.580859 0.510417 0.091406 0.123611
0 0.743750 0.423611 0.167187 0.191667
0 0.750391 0.556944 0.158594 0.152778
0 0.889453 0.470139 0.110156 0.220833
0 0.968750 0.477083 0.059375 0.162500
0 0.961719 0.609722 0.073438 0.152778
0 0.650391 0.674306 0.260156 0.234722
1 0.433203 0.456250 0.236719 0.401389
1 0.062109 0.532639 0.121094 0.359722
1 0.750000 0.472222 0.157812 0.333333
1 0.966016 0.536111 0.061719 0.311111
1 0.183203 0.660417 0.185156 0.337500
