0 0.077734 0.407639 0.121094 0.151389
0 0.101953 0.553472 0.182031 0.195833
0 0.027734 0.703472 0.046094 0.209722
0 0.416797 0.360417 0.142969 0.126389
0 0.274219 0.575694 0.203125 0.165278
0 0.267969 0.745833 0.150000 0.175000
0 0.408203 0.522222 0.167969 0.241667
0 0.682422 0.445833 0.241406 0.352778
0 0.667188 0.671528 0.176563 0.184722
0 0.818750 0.524306 0.064062 0.156944
0 0.963672 0.484028 0.063281 0.162500
0 0.961328 0.614583 0.066406 0.154167
1 0.096484 0.497222 0.180469 0.338889
1 0.403125 0.463889 0.173437 0.375000
1 0.658984 0.513194 0.224219 0.451389
1 0.958203 0.526389 0.078906 0.327778
