0 0.081250 0.480556 0.103125 0.113889
0 0.088281 0.606944 0.115625 0.130556
0 0.208594 0.570833 0.101562 0.213889
0 0.212500 0.742361 0.137500 0.181944
0 0.335938 0.484028 0.098437 0.134722
0 0.342187 0.604861 0.123438 0.148611
0 0.533594 0.396528 0.070312 0.073611
0 0.526172 0.507639 0.092969 0.162500
0 0.632031 0.656944 0.232813 0.322222
0 0.835156 0.406944 0.121875 0.155556
0 0.829688 0.552778 0.104688 0.130556
0 0.940234 0.583333 0.116406 0.175000
0 0.965625 0.441667 0.064062 0.141667
1 0.083984 0.546528 0.107031 0.237500
1 0.205469 0.652778 0.114062 0.366667
1 0.342578 0.545139 0.122656 0.212500
1 0.529687 0.467361 0.081250 0.215278
1 0.823438 0.472222 0.112500 0.288889
1 0.947656 0.518056 0.098437 0.300000
