0 0.165234 0.552083 0.135156 0.218056
0 0.176953 0.694444 0.180469 0.269444
0 0.385547 0.693750 0.178906 0.248611
0 0.399219 0.491667 0.156250 0.180556
0 0.602734 0.481944 0.222656 0.219444
0 0.666406 0.669444 0.159375 0.200000
0 0.805078 0.484722 0.135156 0.136111
0 0.854297 0.628472 0.130469 0.190278
0 0.947266 0.558333 0.096094 0.177778
0 0.958203 0.420139 0.069531 0.126389
0 0.253516 0.476389 0.074219 0.133333
0 0.084766 0.570833 0.117969 0.211111
0 0.030859 0.586806 0.060156 0.162500
0 0.040234 0.744444 0.078906 0.141667
0 0.260937 0.588889 0.057813 0.119444
1 0.039453 0.662500 0.074219 0.300000
1 0.186719 0.631250 0.207813 0.395833
1 0.246094 0.529167 0.087500 0.252778
1 0.943359 0.498611 0.105469 0.305556
