1 0.181250 0.636111 0.203125 0.363889
1 0.592187 0.596528 0.196875 0.348611
1 0.613281 0.393750 0.232813 0.373611
1 0.943359 0.495139 0.108594 0.293056
1 0.038281 0.659722 0.073438 0.311111
0 0.032813 0.583333 0.056250 0.161111
0 0.034375 0.734722 0.053125 0.155556
0 0.167578 0.547917 0.150781 0.198611
0 0.187891 0.695833 0.175781 0.250000
0 0.358203 0.572917 0.092969 0.148611
0 0.585156 0.506944 0.171875 0.208333
0 0.582812 0.668750 0.170313 0.215278
0 0.604297 0.307639 0.183594 0.204167
0 0.625781 0.506250 0.193750 0.226389
0 0.805469 0.480556 0.154688 0.155556
0 0.863281 0.632639 0.148438 0.198611
0 0.954688 0.414583 0.082812 0.159722
0 0.931641 0.566667 0.113281 0.177778
