0 0.068359 0.593056 0.132031 0.238889
0 0.219922 0.460417 0.103906 0.131944
0 0.265625 0.566667 0.082812 0.144444
0 0.214453 0.756250 0.163281 0.165278
0 0.177734 0.585417 0.203906 0.165278
0 0.035937 0.695833 0.065625 0.219444
0 0.418359 0.481944 0.158594 0.177778
0 0.402344 0.595139 0.160938 0.131944
0 0.666797 0.489583 0.155469 0.165278
0 0.830469 0.559722 0.160938 0.236111
0 0.658984 0.681944 0.246094 0.233333
0 0.968750 0.472222 0.056250 0.158333
0 0.958984 0.605556 0.075781 0.169444
1 0.180859 0.647917 0.202344 0.348611
1 0.238281 0.504167 0.140625 0.238889
1 0.403906 0.511806 0.171875 0.301389
1 0.958984 0.545139 0.075781 0.298611
