0 0.080859 0.417361 0.105469 0.131944
0 0.095703 0.556250 0.188281 0.201389
0 0.032422 0.705556 0.057031 0.211111
0 0.273438 0.565278 0.193750 0.172222
0 0.262891 0.734722 0.136719 0.163889
0 0.412109 0.365972 0.141406 0.120833
0 0.409375 0.522917 0.178125 0.212500
0 0.666406 0.665972 0.168750 0.176389
0 0.717187 0.535417 0.137500 0.134722
0 0.720313 0.395833 0.148438 0.133333
0 0.964844 0.472222 0.064062 0.163889
0 0.962500 0.609722 0.073438 0.152778
1 0.099219 0.501389 0.175000 0.327778
1 0.398828 0.465972 0.183594 0.331944
1 0.962109 0.539583 0.071094 0.295833
1 0.716406 0.463194 0.153125 0.287500
