0 0.088672 0.426389 0.114844 0.141667
0 0.099609 0.566667 0.172656 0.211111
0 0.034375 0.703472 0.057813 0.226389
0 0.275391 0.574306 0.194531 0.170833
0 0.267969 0.734722 0.140625 0.180556
0 0.418359 0.359722 0.146094 0.122222
0 0.407422 0.524306 0.164844 0.229167
0 0.717187 0.532639 0.128125 0.181944
0 0.659375 0.667361 0.175000 0.173611
0 0.962891 0.476389 0.067969 0.158333
0 0.963672 0.615278 0.064844 0.161111
1 0.953516 0.537500 0.086719 0.338889
1 0.416016 0.473611 0.188281 0.361111
1 0.271094 0.647222 0.185938 0.336111
1 0.111328 0.504167 0.147656 0.316667
