0 0.084375 0.609028 0.075000 0.129167
0 0.031641 0.588889 0.060156 0.147222
0 0.041406 0.734722 0.073438 0.127778
0 0.181250 0.728472 0.206250 0.234722
0 0.171875 0.555556 0.135937 0.213889
0 0.323828 0.561806 0.155469 0.170833
0 0.616797 0.479167 0.177344 0.163889
0 0.619531 0.674306 0.250000 0.245833
0 0.832422 0.416667 0.102344 0.100000
0 0.856641 0.629861 0.149219 0.209722
0 0.951953 0.574306 0.088281 0.179167
0 0.964453 0.430556 0.063281 0.125000
0 0.846094 0.530556 0.078125 0.116667
1 0.174609 0.651389 0.196094 0.375000
1 0.039844 0.659722 0.073438 0.288889
1 0.956641 0.510417 0.082031 0.284722
1 0.833594 0.484722 0.115625 0.238889
