0 0.239063 0.563889 0.118750 0.175000
0 0.260937 0.730556 0.121875 0.177778
0 0.406250 0.554167 0.159375 0.219444
0 0.417969 0.332639 0.195312 0.190278
0 0.652734 0.393056 0.150781 0.119444
0 0.669922 0.518750 0.114844 0.168056
0 0.662109 0.675694 0.152344 0.187500
0 0.637891 0.552083 0.174219 0.151389
0 0.859375 0.391667 0.104688 0.138889
0 0.841406 0.502083 0.159375 0.151389
0 0.957031 0.609722 0.081250 0.188889
0 0.029687 0.708333 0.056250 0.208333
0 0.092578 0.568750 0.161719 0.206944
1 0.397656 0.438889 0.151562 0.438889
1 0.254688 0.640972 0.135937 0.340278
1 0.659375 0.603472 0.151562 0.298611
1 0.639844 0.474306 0.187500 0.268056
1 0.846094 0.440278 0.159375 0.252778
