1 0.040625 0.668750 0.078125 0.309722
1 0.188672 0.641667 0.210156 0.369444
1 0.944922 0.513889 0.108594 0.283333
0 0.032422 0.589583 0.060156 0.145833
0 0.037500 0.741667 0.067187 0.163889
0 0.172266 0.570139 0.152344 0.168056
0 0.189844 0.709028 0.193750 0.265278
0 0.397656 0.596528 0.178125 0.179167
0 0.615625 0.483333 0.179688 0.152778
0 0.628125 0.669444 0.254688 0.252778
0 0.862109 0.638889 0.144531 0.197222
0 0.828516 0.501389 0.085156 0.105556
0 0.965234 0.438194 0.060156 0.131944
0 0.946094 0.566667 0.101562 0.172222
0 0.138672 0.511111 0.097656 0.150000
