0 0.084375 0.485417 0.098437 0.104167
0 0.093359 0.604167 0.122656 0.122222
0 0.210547 0.575000 0.091406 0.197222
0 0.212109 0.723611 0.132031 0.166667
0 0.339844 0.544444 0.165625 0.219444
0 0.615625 0.495139 0.221875 0.215278
0 0.629687 0.688194 0.256250 0.168056
0 0.816797 0.422917 0.105469 0.106944
0 0.828125 0.528472 0.062500 0.095833
0 0.967578 0.436111 0.063281 0.133333
0 0.936719 0.577778 0.107813 0.175000
1 0.090234 0.540972 0.117969 0.254167
1 0.217578 0.645833 0.135156 0.358333
1 0.630859 0.584722 0.266406 0.411111
1 0.816016 0.461806 0.099219 0.212500
1 0.946484 0.514583 0.097656 0.295833
