1 0.036719 0.665278 0.071875 0.322222
1 0.244141 0.543750 0.100781 0.254167
1 0.405469 0.431250 0.190625 0.379167
1 0.666016 0.596528 0.153906 0.306944
1 0.635156 0.476389 0.154688 0.277778
1 0.845703 0.439583 0.160156 0.243056
0 0.386719 0.675000 0.175000 0.250000
0 0.416406 0.530556 0.153125 0.183333
0 0.406641 0.312500 0.175781 0.200000
0 0.241016 0.471528 0.094531 0.129167
0 0.246484 0.602083 0.089844 0.137500
0 0.097266 0.560417 0.164844 0.231944
0 0.035156 0.575000 0.059375 0.138889
0 0.036328 0.742361 0.069531 0.173611
0 0.657813 0.402778 0.179688 0.144444
0 0.680469 0.516667 0.125000 0.175000
0 0.671484 0.660417 0.171094 0.190278
0 0.595313 0.545139 0.085938 0.140278
0 0.858594 0.387500 0.098437 0.122222
0 0.832422 0.503472 0.174219 0.140278
0 0.959375 0.596528 0.075000 0.212500
