0 0.072656 0.604167 0.139063 0.247222
0 0.032422 0.700000 0.057031 0.213889
0 0.170313 0.585417 0.215625 0.181944
0 0.225781 0.465278 0.129688 0.130556
0 0.278125 0.569444 0.087500 0.119444
0 0.200391 0.756944 0.147656 0.138889
0 0.409766 0.469444 0.163281 0.169444
0 0.401953 0.590972 0.157031 0.137500
0 0.661719 0.684722 0.248438 0.236111
0 0.743359 0.405556 0.177344 0.191667
0 0.747656 0.565972 0.148438 0.151389
0 0.893359 0.460417 0.144531 0.190278
0 0.970313 0.474306 0.057813 0.159722
0 0.958203 0.609028 0.074219 0.154167
1 0.179688 0.663889 0.225000 0.313889
1 0.410938 0.497917 0.159375 0.281944
1 0.239063 0.533333 0.135937 0.227778
1 0.743750 0.486111 0.157812 0.322222
1 0.964844 0.546528 0.068750 0.293056
