1 0.177734 0.665972 0.196094 0.362500
1 0.817969 0.454167 0.098437 0.222222
1 0.941406 0.515972 0.112500 0.301389
0 0.176563 0.565278 0.150000 0.194444
0 0.192578 0.725694 0.178906 0.251389
0 0.326172 0.542361 0.077344 0.098611
0 0.393750 0.586806 0.131250 0.129167
0 0.615234 0.475000 0.186719 0.172222
0 0.633594 0.671528 0.267188 0.204167
0 0.818359 0.408333 0.097656 0.144444
0 0.827344 0.522917 0.087500 0.120833
0 0.960547 0.425000 0.074219 0.130556
0 0.930859 0.575694 0.122656 0.184722
0 0.167187 0.463889 0.076563 0.038889
