0 0.601562 0.625000 0.271875 0.338889
0 0.626953 0.476389 0.169531 0.211111
0 0.388672 0.565972 0.116406 0.143056
0 0.175781 0.548611 0.132812 0.205556
0 0.193750 0.709028 0.206250 0.240278
0 0.089844 0.582639 0.132812 0.234722
0 0.032422 0.583333 0.060156 0.152778
0 0.042188 0.736806 0.081250 0.140278
0 0.836719 0.414583 0.103125 0.118056
0 0.846484 0.520833 0.089844 0.105556
0 0.861328 0.639583 0.147656 0.198611
0 0.963281 0.433333 0.067187 0.147222
0 0.941797 0.563194 0.111719 0.168056
1 0.837500 0.488889 0.125000 0.269444
1 0.955859 0.496528 0.077344 0.295833
1 0.185938 0.639583 0.190625 0.362500
1 0.038672 0.657639 0.075781 0.301389
