1 0.392969 0.439583 0.164062 0.406944
1 0.249219 0.654861 0.139063 0.329167
1 0.669141 0.600000 0.166406 0.338889
1 0.785547 0.454167 0.125781 0.275000
0 0.953906 0.602778 0.084375 0.183333
0 0.789062 0.404167 0.118750 0.158333
0 0.780078 0.507639 0.117969 0.156944
0 0.671094 0.527083 0.115625 0.173611
0 0.663281 0.663194 0.167187 0.190278
0 0.403516 0.540972 0.164844 0.220833
0 0.413672 0.324306 0.183594 0.201389
0 0.235937 0.559722 0.115625 0.158333
0 0.253125 0.732639 0.148438 0.195833
0 0.087500 0.561111 0.139063 0.202778
0 0.028125 0.707639 0.050000 0.212500
