0 0.413281 0.365972 0.142187 0.131944
0 0.413281 0.517361 0.171875 0.212500
0 0.276562 0.558333 0.196875 0.158333
0 0.267969 0.729167 0.151562 0.183333
0 0.085547 0.417361 0.108594 0.126389
0 0.101562 0.545139 0.159375 0.204167
0 0.031641 0.696528 0.058594 0.218056
0 0.658203 0.673611 0.200781 0.183333
0 0.768359 0.524306 0.180469 0.181944
0 0.963672 0.479861 0.061719 0.151389
0 0.958594 0.609028 0.073438 0.145833
1 0.414453 0.464583 0.160156 0.354167
1 0.107422 0.502083 0.153906 0.329167
1 0.960547 0.537500 0.069531 0.302778
